0.000000000000000e+000,0.0
5.242879851721227e-004,9.650062e-11
1.012569235172123e-003,5.725601e-10
1.500850485172123e-003,2.31279e-09
1.989131735172123e-003,8.615455e-09
2.477412985172123e-003,3.014354e-08
2.965694235172123e-003,9.88003e-08
3.453975485172123e-003,3.01139e-07
3.942256735172123e-003,8.485339e-07
4.430537985172123e-003,2.188396e-06
4.918819235172123e-003,5.126064e-06
5.407100485172123e-003,1.084614e-05
5.895381735172123e-003,2.062538e-05
6.383662985172123e-003,3.509435e-05
6.871944235172123e-003,5.323936e-05
7.360225485172123e-003,7.181515e-05
7.848506735172123e-003,8.597521e-05
8.336787985172123e-003,9.124935e-05
8.825069235172123e-003,8.582847e-05
9.313350485172123e-003,7.157095e-05
9.801631735172123e-003,5.296942e-05
1.028991298517212e-002,3.485902e-05
1.077819423517212e-002,2.045432e-05
1.126647548517212e-002,1.073959e-05
1.175475673517212e-002,5.068229e-06
1.224303798517212e-002,2.161232e-06
1.273131923517212e-002,8.376916e-07
1.321960048517212e-002,2.969183e-07
1.370788173517212e-002,9.70524e-08
1.419616298517212e-002,2.958569e-08
1.468444423517212e-002,8.450067e-09
1.517272548517212e-002,2.266751e-09
1.566100673517212e-002,5.604193e-10
1.614928798517212e-002,1.161604e-10
1.712585048517212e-002,9.442366e-11
1.761413173517212e-002,4.7078e-10
1.810241298517212e-002,1.930709e-09
1.859069423517212e-002,7.256502e-09
1.907897548517212e-002,2.560065e-08
1.956725673517212e-002,8.467656e-08
2.005553798517212e-002,2.607247e-07
2.054381923517212e-002,7.429087e-07
2.103210048517212e-002,1.939406e-06
2.152038173517212e-002,4.602583e-06
2.200866298517212e-002,9.87435e-06
2.249694423517212e-002,1.905185e-05
2.298522548517212e-002,3.290856e-05
2.347350673517212e-002,5.070206e-05
2.396178798517212e-002,6.948086e-05
2.445006923517212e-002,8.452148e-05
2.493835048517212e-002,9.116178e-05
2.542663173517212e-002,8.713769e-05
2.591491298517212e-002,7.383525e-05
2.640319423517212e-002,5.551642e-05
2.689147548517212e-002,3.71066e-05
2.737975673517212e-002,2.210458e-05
2.786803798517212e-002,1.177652e-05
2.835631923517212e-002,5.635575e-06
2.884460048517212e-002,2.435042e-06
2.933288173517212e-002,9.554952e-07
2.982116298517212e-002,3.425168e-07
3.030944423517212e-002,1.131081e-07
3.079772548517212e-002,3.479905e-08
3.128600673517212e-002,1.00225e-08
3.177428798517212e-002,2.71198e-09
3.226256923517212e-002,6.798118e-10
3.275085048517212e-002,1.45726e-10
3.323913173517212e-002,2.800327e-11
3.372741298517212e-002,7.447684e-11
3.421569423517212e-002,3.858385e-10
3.470397548517212e-002,1.609435e-09
3.519225673517212e-002,6.105204e-09
3.568053798517212e-002,2.171764e-08
3.616881923517212e-002,7.24796e-08
3.665710048517212e-002,2.254147e-07
3.714538173517212e-002,6.494211e-07
3.763366298517212e-002,1.71586e-06
3.812194423517212e-002,4.125166e-06
3.861022548517212e-002,8.972683e-06
3.909850673517212e-002,1.756375e-05
3.958678798517212e-002,3.07962e-05
4.007506923517212e-002,4.818517e-05
4.056335048517212e-002,6.708014e-05
4.105163173517212e-002,8.291468e-05
4.153991298517212e-002,9.087886e-05
4.202819423517212e-002,8.827746e-05
4.251647548517212e-002,7.600944e-05
4.300475673517212e-002,5.806417e-05
4.349303798517212e-002,3.941829e-05
4.398131923517212e-002,2.384058e-05
4.446960048517212e-002,1.288894e-05
4.495788173517212e-002,6.255056e-06
4.544616298517212e-002,2.738855e-06
4.593444423517212e-002,1.088137e-06
4.642272548517212e-002,3.945446e-07
4.691100673517212e-002,1.316478e-07
4.739928798517212e-002,4.088325e-08
4.788756923517212e-002,1.18746e-08
4.837585048517212e-002,3.240515e-09
4.886413173517212e-002,8.225485e-10
4.935241298517212e-002,1.817082e-10
4.984069423517212e-002,3.281222e-11
5.032897548517212e-002,5.859599e-11
5.081725673517212e-002,3.150485e-10
5.130553798517212e-002,1.339537e-09
5.179381923517212e-002,5.130881e-09
5.228210048517212e-002,1.840285e-08
5.277038173517212e-002,6.196183e-08
5.325866298517212e-002,1.946145e-07
5.374694423517212e-002,5.668259e-07
5.423522548517212e-002,1.515557e-06
5.472350673517212e-002,3.690707e-06
5.521178798517212e-002,8.138073e-06
5.570006923517212e-002,1.61602e-05
5.618835048517212e-002,2.876111e-05
5.667663173517212e-002,4.569815e-05
5.716491298517212e-002,6.462554e-05
5.765319423517212e-002,8.11647e-05
5.814147548517212e-002,9.040244e-05
5.862975673517212e-002,8.924054e-05
5.911803798517212e-002,7.808126e-05
5.960631923517212e-002,6.060149e-05
6.009460048517212e-002,4.178803e-05
6.058288173517212e-002,2.566165e-05
6.107116298517212e-002,1.407938e-05
6.155944423517212e-002,6.929938e-06
6.204772548517212e-002,3.075267e-06
6.253600673517212e-002,1.237206e-06
6.302428798517212e-002,4.538071e-07
6.351256923517212e-002,1.53023e-07
6.400085048517212e-002,4.797427e-08
6.448913173517212e-002,1.405361e-08
6.497741298517212e-002,3.867335e-09
6.546569423517212e-002,9.930222e-10
6.595397548517212e-002,2.252825e-10
6.644225673517212e-002,4.029177e-11
6.693053798517212e-002,4.625134e-11
6.741881923517212e-002,2.561555e-10
6.790710048517212e-002,1.113009e-09
6.839538173517212e-002,4.307192e-09
6.888366298517212e-002,1.557664e-08
6.937194423517212e-002,5.290501e-08
6.986022548517212e-002,1.677914e-07
7.034850673517212e-002,4.939842e-07
7.083678798517212e-002,1.336433e-06
7.132506923517212e-002,3.296189e-06
7.181335048517212e-002,7.367356e-06
7.230163173517212e-002,1.483987e-05
7.278991298517212e-002,2.680635e-05
7.327819423517212e-002,4.324979e-05
7.376647548517212e-002,6.212946e-05
7.425475673517212e-002,7.928215e-05
7.474303798517212e-002,8.973562e-05
7.523131923517212e-002,9.002074e-05
7.571960048517212e-002,8.003876e-05
7.620788173517212e-002,6.311676e-05
7.669616298517212e-002,4.420899e-05
7.718444423517212e-002,2.756652e-05
7.767272548517212e-002,1.535008e-05
7.816100673517212e-002,7.6635e-06
7.864928798517212e-002,3.446999e-06
7.913756923517212e-002,1.404417e-06
7.962585048517212e-002,5.211942e-07
8.011413173517212e-002,1.776296e-07
8.060241298517212e-002,5.622747e-08
8.109069423517212e-002,1.661421e-08
8.157897548517212e-002,4.609984e-09
8.206725673517212e-002,1.196428e-09
8.255553798517212e-002,2.778631e-10
8.304381923517212e-002,5.069335e-11
8.353210048517212e-002,3.702951e-11
8.402038173517212e-002,2.072692e-10
8.450866298517212e-002,9.230546e-10
8.499694423517212e-002,3.611565e-09
8.548522548517212e-002,1.316992e-08
8.597350673517212e-002,4.511713e-08
8.646178798517212e-002,1.444688e-07
8.695006923517212e-002,4.298577e-07
8.743835048517212e-002,1.176559e-06
8.792663173517212e-002,2.938701e-06
8.841491298517212e-002,6.657297e-06
8.890319423517212e-002,1.360103e-05
8.939147548517212e-002,2.493429e-05
8.987975673517212e-002,4.084814e-05
9.036803798517212e-002,5.960408e-05
9.085631923517212e-002,7.727822e-05
9.134460048517212e-002,8.888272e-05
9.183288173517212e-002,9.061302e-05
9.232116298517212e-002,8.18704e-05
9.280944423517212e-002,6.559797e-05
9.329772548517212e-002,4.667358e-05
9.378600673517212e-002,2.955324e-05
9.427428798517212e-002,1.6703e-05
9.476256923517212e-002,8.458999e-06
9.525085048517212e-002,3.856896e-06
9.573913173517212e-002,1.591619e-06
9.622741298517212e-002,5.976858e-07
9.671569423517212e-002,2.059117e-07
9.720397548517212e-002,6.582e-08
9.769225673517212e-002,1.961962e-08
9.818053798517212e-002,5.488972e-09
9.866881923517212e-002,1.438903e-09
9.915710048517212e-002,3.411445e-10
9.964538173517212e-002,6.436575e-11
1.001336629851721e-001,3.062071e-11
1.006219442351721e-001,1.668091e-10
1.011102254851721e-001,7.639192e-10
1.015985067351721e-001,3.02468e-09
1.020867879851721e-001,1.112286e-08
1.025750692351721e-001,3.842962e-08
1.030633504851721e-001,1.242215e-07
1.035516317351721e-001,3.727972e-07
1.040399129851721e-001,1.03273e-06
1.045281942351721e-001,2.614742e-06
1.050164754851721e-001,6.004627e-06
1.055047567351721e-001,1.244161e-05
1.059930379851721e-001,2.314661e-05
1.064813192351721e-001,3.850049e-05
1.069696004851721e-001,5.706129e-05
1.074578817351721e-001,7.516463e-05
1.079461629851721e-001,8.784925e-05
1.084344442351721e-001,9.101352e-05
1.089227254851721e-001,8.356521e-05
1.094110067351721e-001,6.803284e-05
1.098992879851721e-001,4.917345e-05
1.103875692351721e-001,3.161918e-05
1.108758504851721e-001,1.813972e-05
1.113641317351721e-001,9.319649e-06
1.118524129851721e-001,4.30791e-06
1.123406942351721e-001,1.800792e-06
1.128289754851721e-001,6.843582e-07
1.133172567351721e-001,2.383664e-07
1.138055379851721e-001,7.695353e-08
1.142938192351721e-001,2.314282e-08
1.147821004851721e-001,6.528257e-09
1.152703817351721e-001,1.727686e-09
1.157586629851721e-001,4.171509e-10
1.162469442351721e-001,8.17659e-11
1.172235067351721e-001,1.334579e-10
1.177117879851721e-001,6.307318e-10
1.182000692351721e-001,2.530021e-09
1.186883504851721e-001,9.383739e-09
1.191766317351721e-001,3.269475e-08
1.196649129851721e-001,1.066709e-07
1.201531942351721e-001,3.234641e-07
1.206414754851721e-001,9.063177e-07
1.211297567351721e-001,2.323158e-06
1.216180379851721e-001,5.406069e-06
1.221063192351721e-001,1.135924e-05
1.225946004851721e-001,2.144434e-05
1.230828817351721e-001,3.621338e-05
1.235711629851721e-001,5.451253e-05
1.240594442351721e-001,7.295347e-05
1.245477254851721e-001,8.664181e-05
1.250360067351721e-001,9.121965e-05
1.255242879851721e-001,8.511286e-05
1.260125692351721e-001,7.040889e-05
1.265008504851721e-001,5.169955e-05
1.269891317351721e-001,3.376095e-05
1.274774129851721e-001,1.966139e-05
1.279656942351721e-001,1.024858e-05
1.284539754851721e-001,4.803095e-06
1.289422567351721e-001,2.034805e-06
1.294305379851721e-001,7.838913e-07
1.299188192351721e-001,2.762998e-07
1.304071004851721e-001,8.985705e-08
1.308953817351721e-001,2.726783e-08
1.313836629851721e-001,7.755765e-09
1.318719442351721e-001,2.071306e-09
1.323602254851721e-001,5.082946e-10
1.328485067351721e-001,1.03473e-10
1.338250692351721e-001,1.061231e-10
1.343133504851721e-001,5.193774e-10
1.348016317351721e-001,2.113497e-09
1.352899129851721e-001,7.907917e-09
1.357781942351721e-001,2.778337e-08
1.362664754851721e-001,9.148088e-08
1.367547567351721e-001,2.802541e-07
1.372430379851721e-001,7.94122e-07
1.377313192351721e-001,2.060578e-06
1.382196004851721e-001,4.858368e-06
1.387078817351721e-001,1.035129e-05
1.391961629851721e-001,1.98279e-05
1.396844442351721e-001,3.399254e-05
1.401727254851721e-001,5.196878e-05
1.406610067351721e-001,7.065709e-05
1.411492879851721e-001,8.526806e-05
1.416375692351721e-001,9.123005e-05
1.421258504851721e-001,8.650377e-05
1.426141317351721e-001,7.271358e-05
1.431024129851721e-001,5.424215e-05
1.435906942351721e-001,3.597445e-05
1.440789754851721e-001,2.126871e-05
1.445672567351721e-001,1.124879e-05
1.450555379851721e-001,5.345588e-06
1.455438192351721e-001,2.294543e-06
1.460321004851721e-001,8.948331e-07
1.465203817351721e-001,3.189612e-07
1.470086629851721e-001,1.047902e-07
1.474969442351721e-001,3.209132e-08
1.479852254851721e-001,9.204015e-09
1.484735067351721e-001,2.479799e-09
1.489617879851721e-001,6.17444e-10
1.494500692351721e-001,1.302062e-10
1.504266317351721e-001,8.390393e-11
1.509149129851721e-001,4.263835e-10
1.514031942351721e-001,1.763097e-09
1.518914754851721e-001,6.656923e-09
1.523797567351721e-001,2.358269e-08
1.528680379851721e-001,7.835344e-08
1.533563192351721e-001,2.424703e-07
1.538446004851721e-001,6.94728e-07
1.543328817351721e-001,1.824593e-06
1.548211629851721e-001,4.358313e-06
1.553094442351721e-001,9.41494e-06
1.557977254851721e-001,1.829716e-05
1.562860067351721e-001,3.184294e-05
1.567742879851721e-001,4.944046e-05
1.572625692351721e-001,6.828801e-05
1.577508504851721e-001,8.373661e-05
1.582391317351721e-001,9.104465e-05
1.587274129851721e-001,8.772924e-05
1.592156942351721e-001,7.493437e-05
1.597039754851721e-001,5.679089e-05
1.601922567351721e-001,3.82548e-05
1.606805379851721e-001,2.296189e-05
1.611688192351721e-001,1.232313e-05
1.616571004851721e-001,5.938595e-06
1.621453817351721e-001,2.583038e-06
1.626336629851721e-001,1.019865e-06
1.631219442351721e-001,3.676786e-07
1.636102254851721e-001,1.220464e-07
1.640985067351721e-001,3.772423e-08
1.645867879851721e-001,1.091081e-08
1.650750692351721e-001,2.964954e-09
1.655633504851721e-001,7.480049e-10
1.660516317351721e-001,1.628467e-10
1.665399129851721e-001,3.008607e-11
1.670281942351721e-001,6.606418e-11
1.675164754851721e-001,3.488247e-10
1.680047567351721e-001,1.468595e-09
1.684930379851721e-001,5.597661e-09
1.689813192351721e-001,1.999446e-08
1.694696004851721e-001,6.702511e-08
1.699578817351721e-001,2.094855e-07
1.704461629851721e-001,6.068355e-07
1.709344442351721e-001,1.612936e-06
1.714227254851721e-001,3.902758e-06
1.719110067351721e-001,8.547192e-06
1.723992879851721e-001,1.685148e-05
1.728875692351721e-001,2.976879e-05
1.733758504851721e-001,4.693736e-05
1.738641317351721e-001,6.58588e-05
1.743524129851721e-001,8.205694e-05
1.748406942351721e-001,9.066467e-05
1.753289754851721e-001,8.87815e-05
1.758172567351721e-001,7.70589e-05
1.763055379851721e-001,5.933485e-05
1.767938192351721e-001,4.059631e-05
1.772821004851721e-001,2.474055e-05
1.777703817351721e-001,1.347426e-05
1.782586629851721e-001,6.585367e-06
1.787469442351721e-001,2.902819e-06
1.792352254851721e-001,1.160514e-06
1.797235067351721e-001,4.232179e-07
1.802117879851721e-001,1.419573e-07
1.807000692351721e-001,4.429368e-08
1.811883504851721e-001,1.292001e-08
1.816766317351721e-001,3.540608e-09
1.821649129851721e-001,9.040139e-10
1.826531942351721e-001,2.02464e-10
1.831414754851721e-001,3.620463e-11
1.836297567351721e-001,5.201004e-11
1.841180379851721e-001,2.842409e-10
1.846063192351721e-001,1.221303e-09
1.850946004851721e-001,4.7017e-09
1.855828817351721e-001,1.693322e-08
1.860711629851721e-001,5.726339e-08
1.865594442351721e-001,1.807369e-07
1.870477254851721e-001,5.29253e-07
1.875360067351721e-001,1.423472e-06
1.880242879851721e-001,3.48864e-06
1.885125692351721e-001,7.744929e-06
1.890008504851721e-001,1.548974e-05
1.894891317351721e-001,2.777353e-05
1.899774129851721e-001,4.446862e-05
1.904656942351721e-001,6.338191e-05
1.909539754851721e-001,8.023931e-05
1.914422567351721e-001,9.009259e-05
1.919305379851721e-001,8.965384e-05
1.924188192351721e-001,7.907503e-05
1.929071004851721e-001,6.186263e-05
1.933953817351721e-001,4.299256e-05
1.938836629851721e-001,2.660372e-05
1.943719442351721e-001,1.470457e-05
1.948602254851721e-001,7.289179e-06
1.953485067351721e-001,3.256543e-06
1.958367879851721e-001,1.318431e-06
1.963250692351721e-001,4.86426e-07
1.968133504851721e-001,1.648959e-07
1.973016317351721e-001,5.194507e-08
1.977899129851721e-001,1.528247e-08
1.982781942351721e-001,4.222974e-09
1.987664754851721e-001,1.090249e-09
1.992547567351721e-001,2.503482e-10
1.997430379851721e-001,4.51079e-11
2.002313192351721e-001,4.127174e-11
2.007196004851721e-001,2.30567e-10
2.012078817351721e-001,1.013842e-09
2.016961629851721e-001,3.944649e-09
2.021844442351721e-001,1.432479e-08
2.026727254851721e-001,4.886351e-08
2.031610067351721e-001,1.557203e-07
2.036492879851721e-001,4.608927e-07
2.041375692351721e-001,1.254205e-06
2.046258504851721e-001,3.112993e-06
2.051141317351721e-001,7.004948e-06
2.056024129851721e-001,1.421039e-05
2.060906942351721e-001,2.585986e-05
2.065789754851721e-001,4.204265e-05
2.070672567351721e-001,6.086969e-05
2.075555379851721e-001,7.829463e-05
2.080438192351721e-001,8.933211e-05
2.085321004851721e-001,9.034063e-05
2.090203817351721e-001,8.097101e-05
2.095086629851721e-001,6.436239e-05
2.099969442351721e-001,4.543634e-05
2.104852254851721e-001,2.85498e-05
2.109735067351721e-001,1.601616e-05
2.114617879851721e-001,8.053305e-06
2.119500692351721e-001,3.646995e-06
2.124383504851721e-001,1.495398e-06
2.129266317351721e-001,5.582369e-07
2.134149129851721e-001,1.912815e-07
2.139031942351721e-001,6.084432e-08
2.143914754851721e-001,1.8057e-08
2.148797567351721e-001,5.031024e-09
2.153680379851721e-001,1.312357e-09
2.158563192351721e-001,3.080481e-10
2.163446004851721e-001,5.709483e-11
2.168328817351721e-001,3.348908e-11
2.173211629851721e-001,1.860739e-10
2.178094442351721e-001,8.39958e-10
2.182977254851721e-001,3.305623e-09
2.187860067351721e-001,1.210484e-08
2.192742879851721e-001,4.164552e-08
2.197625692351721e-001,1.339855e-07
2.202508504851721e-001,3.999982e-07
2.207391317351721e-001,1.101743e-06
2.212274129851721e-001,2.772199e-06
2.217156942351721e-001,6.323994e-06
2.222039754851721e-001,1.301154e-05
2.226922567351721e-001,2.402982e-05
2.231805379851721e-001,3.966714e-05
2.236688192351721e-001,5.833414e-05
2.241571004851721e-001,7.623438e-05
2.246453817351721e-001,8.838817e-05
2.251336629851721e-001,9.083743e-05
2.256219442351721e-001,8.273558e-05
2.261102254851721e-001,6.682198e-05
2.265985067351721e-001,4.791965e-05
2.270867879851721e-001,3.05765e-05
2.275750692351721e-001,1.74108e-05
2.280633504851721e-001,8.880983e-06
2.285516317351721e-001,4.077075e-06
2.290399129851721e-001,1.69333e-06
2.295281942351721e-001,6.396781e-07
2.300164754851721e-001,2.215842e-07
2.305047567351721e-001,7.118051e-08
2.309930379851721e-001,2.131152e-08
2.314813192351721e-001,5.986932e-09
2.319696004851721e-001,1.577005e-09
2.324578817351721e-001,3.774162e-10
2.329461629851721e-001,7.256671e-11
2.334344442351721e-001,2.840028e-11
2.339227254851721e-001,1.49318e-10
2.344110067351721e-001,6.943555e-10
2.348992879851721e-001,2.766755e-09
2.353875692351721e-001,1.021775e-08
2.358758504851721e-001,3.545158e-08
2.363641317351721e-001,1.151311e-07
2.368524129851721e-001,3.473188e-07
2.373406942351721e-001,9.676538e-07
2.378289754851721e-001,2.465169e-06
2.383172567351721e-001,5.698789e-06
2.388055379851721e-001,1.189095e-05
2.392938192351721e-001,2.228476e-05
2.397821004851721e-001,3.734899e-05
2.402703817351721e-001,5.578696e-05
2.407586629851721e-001,7.407048e-05
2.412469442351721e-001,8.726682e-05
2.417352254851721e-001,9.1141e-05
2.422235067351721e-001,8.435804e-05
2.427117879851721e-001,6.922901e-05
2.432000692351721e-001,5.043382e-05
2.436883504851721e-001,3.268082e-05
2.441766317351721e-001,1.888988e-05
2.446649129851721e-001,9.775386e-06
2.451531942351721e-001,4.549787e-06
2.456414754851721e-001,1.914274e-06
2.461297567351721e-001,7.318765e-07
2.466180379851721e-001,2.563297e-07
2.471063192351721e-001,8.316857e-08
2.475946004851721e-001,2.512437e-08
2.480828817351721e-001,7.116566e-09
2.485711629851721e-001,1.892053e-09
2.490594442351721e-001,4.606629e-10
2.495477254851721e-001,9.203965e-11
2.505242879851721e-001,1.190989e-10
2.510125692351721e-001,5.725564e-10
2.515008504851721e-001,2.312788e-09
2.519891317351721e-001,8.615455e-09
2.524774129851721e-001,3.014354e-08
2.529656942351721e-001,9.88003e-08
2.534539754851721e-001,3.01139e-07
2.539422567351721e-001,8.485339e-07
2.544305379851721e-001,2.188396e-06
2.549188192351721e-001,5.126064e-06
2.554071004851721e-001,1.084614e-05
2.558953817351721e-001,2.062538e-05
2.563836629851721e-001,3.509435e-05
2.568719442351721e-001,5.323936e-05
2.573602254851721e-001,7.181515e-05
2.578485067351721e-001,8.597521e-05
2.583367879851721e-001,9.124935e-05
2.588250692351721e-001,8.582847e-05
2.593133504851721e-001,7.157095e-05
2.598016317351721e-001,5.296942e-05
2.602899129851721e-001,3.485902e-05
2.607781942351721e-001,2.045432e-05
2.612664754851721e-001,1.073959e-05
2.617547567351721e-001,5.068229e-06
2.622430379851721e-001,2.161232e-06
2.627313192351721e-001,8.376916e-07
2.632196004851721e-001,2.969183e-07
2.637078817351721e-001,9.70524e-08
2.641961629851721e-001,2.958569e-08
2.646844442351721e-001,8.450067e-09
2.651727254851721e-001,2.266751e-09
2.656610067351721e-001,5.604193e-10
2.661492879851721e-001,1.161604e-10
2.671258504851721e-001,9.442366e-11
2.676141317351721e-001,4.7078e-10
2.681024129851721e-001,1.930709e-09
2.685906942351721e-001,7.256502e-09
2.690789754851721e-001,2.560065e-08
2.695672567351721e-001,8.467656e-08
2.700555379851721e-001,2.607247e-07
2.705438192351721e-001,7.429087e-07
2.710321004851721e-001,1.939406e-06
2.715203817351721e-001,4.602583e-06
2.720086629851721e-001,9.87435e-06
2.724969442351721e-001,1.905185e-05
2.729852254851721e-001,3.290856e-05
2.734735067351721e-001,5.070206e-05
2.739617879851721e-001,6.948086e-05
2.744500692351721e-001,8.452148e-05
2.749383504851721e-001,9.116178e-05
2.754266317351721e-001,8.713769e-05
2.759149129851721e-001,7.383525e-05
2.764031942351721e-001,5.551642e-05
2.768914754851721e-001,3.71066e-05
2.773797567351721e-001,2.210458e-05
2.778680379851721e-001,1.177652e-05
2.783563192351721e-001,5.635575e-06
2.788446004851721e-001,2.435042e-06
2.793328817351721e-001,9.554952e-07
2.798211629851721e-001,3.425168e-07
2.803094442351721e-001,1.131081e-07
2.807977254851721e-001,3.479905e-08
2.812860067351721e-001,1.00225e-08
2.817742879851721e-001,2.71198e-09
2.822625692351721e-001,6.798118e-10
2.827508504851721e-001,1.45726e-10
2.832391317351721e-001,2.800327e-11
2.837274129851721e-001,7.447684e-11
2.842156942351721e-001,3.858385e-10
2.847039754851721e-001,1.609435e-09
2.851922567351721e-001,6.105204e-09
2.856805379851721e-001,2.171764e-08
2.861688192351721e-001,7.24796e-08
2.866571004851721e-001,2.254147e-07
2.871453817351721e-001,6.494211e-07
2.876336629851721e-001,1.71586e-06
2.881219442351721e-001,4.125166e-06
2.886102254851721e-001,8.972683e-06
2.890985067351721e-001,1.756375e-05
2.895867879851721e-001,3.07962e-05
2.900750692351721e-001,4.818517e-05
2.905633504851721e-001,6.708014e-05
2.910516317351721e-001,8.291468e-05
2.915399129851721e-001,9.087886e-05
2.920281942351721e-001,8.827746e-05
2.925164754851721e-001,7.600944e-05
2.930047567351721e-001,5.806417e-05
2.934930379851721e-001,3.941829e-05
2.939813192351721e-001,2.384058e-05
2.944696004851721e-001,1.288894e-05
2.949578817351721e-001,6.255056e-06
2.954461629851721e-001,2.738855e-06
2.959344442351721e-001,1.088137e-06
2.964227254851721e-001,3.945446e-07
2.969110067351721e-001,1.316478e-07
2.973992879851721e-001,4.088325e-08
2.978875692351721e-001,1.18746e-08
2.983758504851721e-001,3.240515e-09
2.988641317351721e-001,8.225485e-10
2.993524129851721e-001,1.817082e-10
2.998406942351721e-001,3.281222e-11
3.003289754851721e-001,5.859599e-11
3.008172567351721e-001,3.150485e-10
3.013055379851721e-001,1.339537e-09
3.017938192351721e-001,5.130881e-09
3.022821004851721e-001,1.840285e-08
3.027703817351721e-001,6.196183e-08
3.032586629851721e-001,1.946145e-07
3.037469442351721e-001,5.668259e-07
3.042352254851721e-001,1.515557e-06
3.047235067351721e-001,3.690707e-06
3.052117879851721e-001,8.138073e-06
3.057000692351721e-001,1.61602e-05
3.061883504851721e-001,2.876111e-05
3.066766317351721e-001,4.569815e-05
3.071649129851721e-001,6.462554e-05
3.076531942351721e-001,8.11647e-05
3.081414754851721e-001,9.040244e-05
3.086297567351721e-001,8.924054e-05
3.091180379851721e-001,7.808126e-05
3.096063192351721e-001,6.060149e-05
3.100946004851721e-001,4.178803e-05
3.105828817351721e-001,2.566165e-05
3.110711629851721e-001,1.407938e-05
3.115594442351721e-001,6.929938e-06
3.120477254851721e-001,3.075267e-06
3.125360067351721e-001,1.237206e-06
3.130242879851721e-001,4.538071e-07
3.135125692351721e-001,1.53023e-07
3.140008504851721e-001,4.797427e-08
3.144891317351721e-001,1.405361e-08
3.149774129851721e-001,3.867335e-09
3.154656942351721e-001,9.930222e-10
3.159539754851721e-001,2.252825e-10
3.164422567351721e-001,4.029177e-11
3.169305379851721e-001,4.625134e-11
3.174188192351721e-001,2.561555e-10
3.179071004851721e-001,1.113009e-09
3.183953817351721e-001,4.307192e-09
3.188836629851721e-001,1.557664e-08
3.193719442351721e-001,5.290501e-08
3.198602254851721e-001,1.677914e-07
3.203485067351721e-001,4.939842e-07
3.208367879851721e-001,1.336433e-06
3.213250692351721e-001,3.296189e-06
3.218133504851721e-001,7.367356e-06
3.223016317351721e-001,1.483987e-05
3.227899129851721e-001,2.680635e-05
3.232781942351721e-001,4.324979e-05
3.237664754851721e-001,6.212946e-05
3.242547567351721e-001,7.928215e-05
3.247430379851721e-001,8.973562e-05
3.252313192351721e-001,9.002074e-05
3.257196004851721e-001,8.003876e-05
3.262078817351721e-001,6.311676e-05
3.266961629851721e-001,4.420899e-05
3.271844442351721e-001,2.756652e-05
3.276727254851721e-001,1.535008e-05
3.281610067351721e-001,7.6635e-06
3.286492879851721e-001,3.446999e-06
3.291375692351721e-001,1.404417e-06
3.296258504851721e-001,5.211942e-07
3.301141317351721e-001,1.776296e-07
3.306024129851721e-001,5.622747e-08
3.310906942351721e-001,1.661421e-08
3.315789754851721e-001,4.609984e-09
3.320672567351721e-001,1.196428e-09
3.325555379851721e-001,2.778631e-10
3.330438192351721e-001,5.069335e-11
3.335321004851721e-001,3.702951e-11
3.340203817351721e-001,2.072692e-10
3.345086629851721e-001,9.230546e-10
3.349969442351721e-001,3.611565e-09
3.354852254851721e-001,1.316992e-08
3.359735067351721e-001,4.511713e-08
3.364617879851721e-001,1.444688e-07
3.369500692351721e-001,4.298577e-07
3.374383504851721e-001,1.176559e-06
3.379266317351721e-001,2.938701e-06
3.384149129851721e-001,6.657297e-06
3.389031942351721e-001,1.360103e-05
3.393914754851721e-001,2.493429e-05
3.398797567351721e-001,4.084814e-05
3.403680379851721e-001,5.960408e-05
3.408563192351721e-001,7.727822e-05
3.413446004851721e-001,8.888272e-05
3.418328817351721e-001,9.061302e-05
3.423211629851721e-001,8.18704e-05
3.428094442351721e-001,6.559797e-05
3.432977254851721e-001,4.667358e-05
3.437860067351721e-001,2.955324e-05
3.442742879851721e-001,1.6703e-05
3.447625692351721e-001,8.458999e-06
3.452508504851721e-001,3.856896e-06
3.457391317351721e-001,1.591619e-06
3.462274129851721e-001,5.976858e-07
3.467156942351721e-001,2.059117e-07
3.472039754851721e-001,6.582e-08
3.476922567351721e-001,1.961962e-08
3.481805379851721e-001,5.488972e-09
3.486688192351721e-001,1.438903e-09
3.491571004851721e-001,3.411445e-10
3.496453817351721e-001,6.436575e-11
3.501336629851721e-001,3.062071e-11
3.506219442351721e-001,1.668091e-10
3.511102254851721e-001,7.639192e-10
3.515985067351721e-001,3.02468e-09
3.520867879851721e-001,1.112286e-08
3.525750692351721e-001,3.842962e-08
3.530633504851721e-001,1.242215e-07
3.535516317351721e-001,3.727972e-07
3.540399129851721e-001,1.03273e-06
3.545281942351721e-001,2.614742e-06
3.550164754851721e-001,6.004627e-06
3.555047567351721e-001,1.244161e-05
3.559930379851721e-001,2.314661e-05
3.564813192351721e-001,3.850049e-05
3.569696004851721e-001,5.706129e-05
3.574578817351721e-001,7.516463e-05
3.579461629851721e-001,8.784925e-05
3.584344442351721e-001,9.101352e-05
3.589227254851721e-001,8.356521e-05
3.594110067351721e-001,6.803284e-05
3.598992879851721e-001,4.917345e-05
3.603875692351721e-001,3.161918e-05
3.608758504851721e-001,1.813972e-05
3.613641317351721e-001,9.319649e-06
3.618524129851721e-001,4.30791e-06
3.623406942351721e-001,1.800792e-06
3.628289754851721e-001,6.843582e-07
3.633172567351721e-001,2.383664e-07
3.638055379851721e-001,7.695353e-08
3.642938192351721e-001,2.314282e-08
3.647821004851721e-001,6.528257e-09
3.652703817351721e-001,1.727686e-09
3.657586629851721e-001,4.171509e-10
3.662469442351721e-001,8.17659e-11
3.672235067351721e-001,1.334579e-10
3.677117879851721e-001,6.307318e-10
3.682000692351721e-001,2.530021e-09
3.686883504851721e-001,9.383739e-09
3.691766317351721e-001,3.269475e-08
3.696649129851721e-001,1.066709e-07
3.701531942351721e-001,3.234641e-07
3.706414754851721e-001,9.063177e-07
3.711297567351721e-001,2.323158e-06
3.716180379851721e-001,5.406069e-06
3.721063192351721e-001,1.135924e-05
3.725946004851721e-001,2.144434e-05
3.730828817351721e-001,3.621338e-05
3.735711629851721e-001,5.451253e-05
3.740594442351721e-001,7.295347e-05
3.745477254851721e-001,8.664181e-05
3.750360067351721e-001,9.121965e-05
3.755242879851721e-001,8.511286e-05
3.760125692351721e-001,7.040889e-05
3.765008504851721e-001,5.169955e-05
3.769891317351721e-001,3.376095e-05
3.774774129851721e-001,1.966139e-05
3.779656942351721e-001,1.024858e-05
3.784539754851721e-001,4.803095e-06
3.789422567351721e-001,2.034805e-06
3.794305379851721e-001,7.838913e-07
3.799188192351721e-001,2.762998e-07
3.804071004851721e-001,8.985705e-08
3.808953817351721e-001,2.726783e-08
3.813836629851721e-001,7.755765e-09
3.818719442351721e-001,2.071306e-09
3.823602254851721e-001,5.082946e-10
3.828485067351721e-001,1.03473e-10
3.838250692351721e-001,1.061231e-10
3.843133504851721e-001,5.193774e-10
3.848016317351721e-001,2.113497e-09
3.852899129851721e-001,7.907917e-09
3.857781942351721e-001,2.778337e-08
3.862664754851721e-001,9.148088e-08
3.867547567351721e-001,2.802541e-07
3.872430379851721e-001,7.94122e-07
3.877313192351721e-001,2.060578e-06
3.882196004851721e-001,4.858368e-06
3.887078817351721e-001,1.035129e-05
3.891961629851721e-001,1.98279e-05
3.896844442351721e-001,3.399254e-05
3.901727254851721e-001,5.196878e-05
3.906610067351721e-001,7.065709e-05
3.911492879851721e-001,8.526806e-05
3.916375692351721e-001,9.123005e-05
3.921258504851721e-001,8.650377e-05
3.926141317351721e-001,7.271358e-05
3.931024129851721e-001,5.424215e-05
3.935906942351721e-001,3.597445e-05
3.940789754851721e-001,2.126871e-05
3.945672567351721e-001,1.124879e-05
3.950555379851721e-001,5.345588e-06
3.955438192351721e-001,2.294543e-06
3.960321004851721e-001,8.948331e-07
3.965203817351721e-001,3.189612e-07
3.970086629851721e-001,1.047902e-07
3.974969442351721e-001,3.209132e-08
3.979852254851721e-001,9.204015e-09
3.984735067351721e-001,2.479799e-09
3.989617879851721e-001,6.17444e-10
3.994500692351721e-001,1.302062e-10
4.004266317351721e-001,8.390393e-11
4.009149129851721e-001,4.263835e-10
4.014031942351721e-001,1.763097e-09
4.018914754851721e-001,6.656923e-09
4.023797567351721e-001,2.358269e-08
4.028680379851721e-001,7.835344e-08
4.033563192351721e-001,2.424703e-07
4.038446004851721e-001,6.94728e-07
4.043328817351721e-001,1.824593e-06
4.048211629851721e-001,4.358313e-06
4.053094442351721e-001,9.41494e-06
4.057977254851721e-001,1.829716e-05
4.062860067351721e-001,3.184294e-05
4.067742879851721e-001,4.944046e-05
4.072625692351721e-001,6.828801e-05
4.077508504851721e-001,8.373661e-05
4.082391317351721e-001,9.104465e-05
4.087274129851721e-001,8.772924e-05
4.092156942351721e-001,7.493437e-05
4.097039754851721e-001,5.679089e-05
4.101922567351721e-001,3.82548e-05
4.106805379851721e-001,2.296189e-05
4.111688192351721e-001,1.232313e-05
4.116571004851721e-001,5.938595e-06
4.121453817351721e-001,2.583038e-06
4.126336629851721e-001,1.019865e-06
4.131219442351721e-001,3.676786e-07
4.136102254851721e-001,1.220464e-07
4.140985067351721e-001,3.772423e-08
4.145867879851721e-001,1.091081e-08
4.150750692351721e-001,2.964954e-09
4.155633504851721e-001,7.480049e-10
4.160516317351721e-001,1.628467e-10
4.165399129851721e-001,3.008607e-11
4.170281942351721e-001,6.606418e-11
4.175164754851721e-001,3.488247e-10
4.180047567351721e-001,1.468595e-09
4.184930379851721e-001,5.597661e-09
4.189813192351721e-001,1.999446e-08
4.194696004851721e-001,6.702511e-08
4.199578817351721e-001,2.094855e-07
4.204461629851721e-001,6.068355e-07
4.209344442351721e-001,1.612936e-06
4.214227254851721e-001,3.902758e-06
4.219110067351721e-001,8.547192e-06
4.223992879851721e-001,1.685148e-05
4.228875692351721e-001,2.976879e-05
4.233758504851721e-001,4.693736e-05
4.238641317351721e-001,6.58588e-05
4.243524129851721e-001,8.205694e-05
4.248406942351721e-001,9.066467e-05
4.253289754851721e-001,8.87815e-05
4.258172567351721e-001,7.70589e-05
4.263055379851721e-001,5.933485e-05
4.267938192351721e-001,4.059631e-05
4.272821004851721e-001,2.474055e-05
4.277703817351721e-001,1.347426e-05
4.282586629851721e-001,6.585367e-06
4.287469442351721e-001,2.902819e-06
4.292352254851721e-001,1.160514e-06
4.297235067351721e-001,4.232179e-07
4.302117879851721e-001,1.419573e-07
4.307000692351721e-001,4.429368e-08
4.311883504851721e-001,1.292001e-08
4.316766317351721e-001,3.540608e-09
4.321649129851721e-001,9.040139e-10
4.326531942351721e-001,2.02464e-10
4.331414754851721e-001,3.620463e-11
4.336297567351721e-001,5.201004e-11
4.341180379851721e-001,2.842409e-10
4.346063192351721e-001,1.221303e-09
4.350946004851721e-001,4.7017e-09
4.355828817351721e-001,1.693322e-08
4.360711629851721e-001,5.726339e-08
4.365594442351721e-001,1.807369e-07
4.370477254851721e-001,5.29253e-07
4.375360067351721e-001,1.423472e-06
4.380242879851721e-001,3.48864e-06
4.385125692351721e-001,7.744929e-06
4.390008504851721e-001,1.548974e-05
4.394891317351721e-001,2.777353e-05
4.399774129851721e-001,4.446862e-05
4.404656942351721e-001,6.338191e-05
4.409539754851721e-001,8.023931e-05
4.414422567351721e-001,9.009259e-05
4.419305379851721e-001,8.965384e-05
4.424188192351721e-001,7.907503e-05
4.429071004851721e-001,6.186263e-05
4.433953817351721e-001,4.299256e-05
4.438836629851721e-001,2.660372e-05
4.443719442351721e-001,1.470457e-05
4.448602254851721e-001,7.289179e-06
4.453485067351721e-001,3.256543e-06
4.458367879851721e-001,1.318431e-06
4.463250692351721e-001,4.86426e-07
4.468133504851721e-001,1.648959e-07
4.473016317351721e-001,5.194507e-08
4.477899129851721e-001,1.528247e-08
4.482781942351721e-001,4.222974e-09
4.487664754851721e-001,1.090249e-09
4.492547567351721e-001,2.503482e-10
4.497430379851721e-001,4.51079e-11
4.502313192351721e-001,4.127174e-11
4.507196004851721e-001,2.30567e-10
4.512078817351721e-001,1.013842e-09
4.516961629851721e-001,3.944649e-09
4.521844442351721e-001,1.432479e-08
4.526727254851721e-001,4.886351e-08
4.531610067351721e-001,1.557203e-07
4.536492879851721e-001,4.608927e-07
4.541375692351721e-001,1.254205e-06
4.546258504851721e-001,3.112993e-06
4.551141317351721e-001,7.004948e-06
4.556024129851721e-001,1.421039e-05
4.560906942351721e-001,2.585986e-05
4.565789754851721e-001,4.204265e-05
4.570672567351721e-001,6.086969e-05
4.575555379851721e-001,7.829463e-05
4.580438192351721e-001,8.933211e-05
4.585321004851721e-001,9.034063e-05
4.590203817351721e-001,8.097101e-05
4.595086629851721e-001,6.436239e-05
4.599969442351721e-001,4.543634e-05
4.604852254851721e-001,2.85498e-05
4.609735067351721e-001,1.601616e-05
4.614617879851721e-001,8.053305e-06
4.619500692351721e-001,3.646995e-06
4.624383504851721e-001,1.495398e-06
4.629266317351721e-001,5.582369e-07
4.634149129851721e-001,1.912815e-07
4.639031942351721e-001,6.084432e-08
4.643914754851721e-001,1.8057e-08
4.648797567351721e-001,5.031024e-09
4.653680379851721e-001,1.312357e-09
4.658563192351721e-001,3.080481e-10
4.663446004851721e-001,5.709483e-11
4.668328817351721e-001,3.348908e-11
4.673211629851721e-001,1.860739e-10
4.678094442351721e-001,8.39958e-10
4.682977254851721e-001,3.305623e-09
4.687860067351721e-001,1.210484e-08
4.692742879851721e-001,4.164552e-08
4.697625692351721e-001,1.339855e-07
4.702508504851721e-001,3.999982e-07
4.707391317351721e-001,1.101743e-06
4.712274129851721e-001,2.772199e-06
4.717156942351721e-001,6.323994e-06
4.722039754851721e-001,1.301154e-05
4.726922567351721e-001,2.402982e-05
4.731805379851721e-001,3.966714e-05
4.736688192351721e-001,5.833414e-05
4.741571004851721e-001,7.623438e-05
4.746453817351721e-001,8.838817e-05
4.751336629851721e-001,9.083743e-05
4.756219442351721e-001,8.273558e-05
4.761102254851721e-001,6.682198e-05
4.765985067351721e-001,4.791965e-05
4.770867879851721e-001,3.05765e-05
4.775750692351721e-001,1.74108e-05
4.780633504851721e-001,8.880983e-06
4.785516317351721e-001,4.077075e-06
4.790399129851721e-001,1.69333e-06
4.795281942351721e-001,6.396781e-07
4.800164754851721e-001,2.215842e-07
4.805047567351721e-001,7.118051e-08
4.809930379851721e-001,2.131152e-08
4.814813192351721e-001,5.986932e-09
4.819696004851721e-001,1.577005e-09
4.824578817351721e-001,3.774162e-10
4.829461629851721e-001,7.256671e-11
4.834344442351721e-001,2.840028e-11
4.839227254851721e-001,1.49318e-10
4.844110067351721e-001,6.943555e-10
4.848992879851721e-001,2.766755e-09
4.853875692351721e-001,1.021775e-08
4.858758504851721e-001,3.545158e-08
4.863641317351721e-001,1.151311e-07
4.868524129851721e-001,3.473188e-07
4.873406942351721e-001,9.676538e-07
4.878289754851721e-001,2.465169e-06
4.883172567351721e-001,5.698789e-06
4.888055379851721e-001,1.189095e-05
4.892938192351721e-001,2.228476e-05
4.897821004851721e-001,3.734899e-05
4.902703817351721e-001,5.578696e-05
4.907586629851721e-001,7.407048e-05
4.912469442351721e-001,8.726682e-05
4.917352254851721e-001,9.1141e-05
4.922235067351721e-001,8.435804e-05
4.927117879851721e-001,6.922901e-05
4.932000692351721e-001,5.043382e-05
4.936883504851721e-001,3.268082e-05
4.941766317351721e-001,1.888988e-05
4.946649129851721e-001,9.775386e-06
4.951531942351721e-001,4.549787e-06
4.956414754851721e-001,1.914274e-06
4.961297567351721e-001,7.318765e-07
4.966180379851721e-001,2.563297e-07
4.971063192351721e-001,8.316857e-08
4.975946004851721e-001,2.512437e-08
4.980828817351721e-001,7.116566e-09
4.985711629851721e-001,1.892053e-09
4.990594442351721e-001,4.606629e-10
4.995477254851721e-001,8.927712e-11
5.000000000000000e-001,-2.235617e-15
