0.000000000000000e+000,0.0
5.242879851721227e-004,1.581411e-09
1.012569235172123e-003,3.482467e-08
1.500850485172123e-003,5.203498e-07
1.989131735172123e-003,7.074155e-06
2.477412985172123e-003,8.549733e-05
2.965694235172123e-003,0.0008708215
3.453975485172123e-003,0.006198765
3.942256735172123e-003,0.02540581
4.430537985172123e-003,0.06533031
4.918819235172123e-003,0.1207312
5.407100485172123e-003,0.1804466
5.895381735172123e-003,0.236697
6.383662985172123e-003,0.285587
6.871944235172123e-003,0.3251272
7.360225485172123e-003,0.3540841
7.848506735172123e-003,0.3716768
8.336787985172123e-003,0.3775261
8.825069235172123e-003,0.3715182
9.313350485172123e-003,0.3537804
9.801631735172123e-003,0.3247038
1.028991298517212e-002,0.2850093
1.077819423517212e-002,0.2359007
1.126647548517212e-002,0.1795234
1.175475673517212e-002,0.1198557
1.224303798517212e-002,0.06462809
1.273131923517212e-002,0.02498775
1.321960048517212e-002,0.006049957
1.370788173517212e-002,0.000844098
1.419616298517212e-002,8.261616e-05
1.468444423517212e-002,6.822723e-06
1.517272548517212e-002,5.009046e-07
1.566100673517212e-002,3.338044e-08
1.614928798517212e-002,2.054162e-09
1.712585048517212e-002,1.465508e-09
1.761413173517212e-002,2.414e-08
1.810241298517212e-002,3.638759e-07
1.859069423517212e-002,5.024654e-06
1.907897548517212e-002,6.181959e-05
1.956725673517212e-002,0.0006483538
2.005553798517212e-002,0.004922953
2.054381923517212e-002,0.02168795
2.103210048517212e-002,0.05888582
2.152038173517212e-002,0.1128631
2.200866298517212e-002,0.1725608
2.249694423517212e-002,0.2295497
2.298522548517212e-002,0.2795587
2.347350673517212e-002,0.3204391
2.396178798517212e-002,0.3508682
2.445006923517212e-002,0.3700046
2.493835048517212e-002,0.3774313
2.542663173517212e-002,0.3730023
2.591491298517212e-002,0.356812
2.640319423517212e-002,0.3292139
2.689147548517212e-002,0.2908785
2.737975673517212e-002,0.2429309
2.786803798517212e-002,0.1873569
2.835631923517212e-002,0.1277893
2.884460048517212e-002,0.07132979
2.933288173517212e-002,0.02905771
2.982116298517212e-002,0.007547254
3.030944423517212e-002,0.001127485
3.079772548517212e-002,0.0001139679
3.128600673517212e-002,9.584798e-06
3.177428798517212e-002,7.136122e-07
3.226256923517212e-002,4.808544e-08
3.275085048517212e-002,2.997681e-09
3.323913173517212e-002,1.995278e-10
3.372741298517212e-002,9.997789e-10
3.421569423517212e-002,1.670958e-08
3.470397548517212e-002,2.546716e-07
3.519225673517212e-002,3.563067e-06
3.568053798517212e-002,4.458011e-05
3.616881923517212e-002,0.0004801196
3.665710048517212e-002,0.003868602
3.714538173517212e-002,0.0183559
3.763366298517212e-002,0.05275132
3.812194423517212e-002,0.105089
3.861022548517212e-002,0.1646201
3.909850673517212e-002,0.2222748
3.958678798517212e-002,0.2733637
4.007506923517212e-002,0.3155621
4.056335048517212e-002,0.3474509
4.105163173517212e-002,0.3681239
4.153991298517212e-002,0.3771253
4.202819423517212e-002,0.3742769
4.251647548517212e-002,0.3596404
4.300475673517212e-002,0.3335324
4.349303798517212e-002,0.2965757
4.398131923517212e-002,0.2498219
4.446960048517212e-002,0.1951121
4.495788173517212e-002,0.1357694
4.544616298517212e-002,0.07829164
4.593444423517212e-002,0.0335203
4.642272548517212e-002,0.009317042
4.691100673517212e-002,0.00149573
4.739928798517212e-002,0.0001567407
4.788756923517212e-002,1.343649e-05
4.837585048517212e-002,1.014916e-06
4.886413173517212e-002,6.916942e-08
4.935241298517212e-002,4.364606e-09
4.984069423517212e-002,2.637928e-10
5.032897548517212e-002,6.815656e-10
5.081725673517212e-002,1.154907e-08
5.130553798517212e-002,1.779612e-07
5.179381923517212e-002,2.521717e-06
5.228210048517212e-002,3.206649e-05
5.277038173517212e-002,0.0003538439
5.325866298517212e-002,0.003009048
5.374694423517212e-002,0.0153986
5.423522548517212e-002,0.04694979
5.472350673517212e-002,0.09743646
5.521178798517212e-002,0.1566385
5.570006923517212e-002,0.2148789
5.618835048517212e-002,0.2670057
5.667663173517212e-002,0.3104984
5.716491298517212e-002,0.3438337
5.765319423517212e-002,0.3660354
5.814147548517212e-002,0.3766083
5.862975673517212e-002,0.3753416
5.911803798517212e-002,0.3622645
5.960631923517212e-002,0.3376575
6.009460048517212e-002,0.3020978
6.058288173517212e-002,0.2565683
6.107116298517212e-002,0.2027786
6.155944423517212e-002,0.1437741
6.204772548517212e-002,0.08548416
6.253600673517212e-002,0.03837018
6.302428798517212e-002,0.0113852
6.351256923517212e-002,0.001969074
6.400085048517212e-002,0.0002148588
6.448913173517212e-002,1.879468e-05
6.497741298517212e-002,1.440908e-06
6.546569423517212e-002,9.935395e-08
6.595397548517212e-002,6.341848e-09
6.644225673517212e-002,3.721918e-10
6.693053798517212e-002,4.663546e-10
6.741881923517212e-002,7.969742e-09
6.790710048517212e-002,1.241672e-07
6.839538173517212e-002,1.781343e-06
6.888366298517212e-002,2.300952e-05
6.937194423517212e-002,0.0002596731
6.986022548517212e-002,0.002317845
7.034850673517212e-002,0.01279947
7.083678798517212e-002,0.04150101
7.132506923517212e-002,0.08993442
7.181335048517212e-002,0.1486311
7.230163173517212e-002,0.2073695
7.278991298517212e-002,0.2604886
7.327819423517212e-002,0.3052502
7.376647548517212e-002,0.3400178
7.425475673517212e-002,0.36374
7.474303798517212e-002,0.3758805
7.523131923517212e-002,0.376196
7.571960048517212e-002,0.3646831
7.620788173517212e-002,0.3415873
7.669616298517212e-002,0.3074418
7.718444423517212e-002,0.263165
7.767272548517212e-002,0.2103466
7.816100673517212e-002,0.1517831
7.864928798517212e-002,0.0928769
7.913756923517212e-002,0.04359728
7.962585048517212e-002,0.01377651
8.011413173517212e-002,0.002570287
8.060241298517212e-002,0.000293468
8.109069423517212e-002,2.623065e-05
8.157897548517212e-002,2.043622e-06
8.206725673517212e-002,1.433056e-07
8.255553798517212e-002,9.198014e-09
8.304381923517212e-002,5.400314e-10
8.353210048517212e-002,3.239045e-10
8.402038173517212e-002,5.490318e-09
8.450866298517212e-002,8.650511e-08
8.499694423517212e-002,1.256033e-06
8.548522548517212e-002,1.647223e-05
8.597350673517212e-002,0.0001898381
8.646178798517212e-002,0.001769408
8.695006923517212e-002,0.01053771
8.743835048517212e-002,0.0364213
8.792663173517212e-002,0.08261288
8.841491298517212e-002,0.1406148
8.890319423517212e-002,0.199825
8.939147548517212e-002,0.2539669
8.987975673517212e-002,0.2999068
9.036803798517212e-002,0.3360087
9.085631923517212e-002,0.361235
9.134460048517212e-002,0.3749417
9.183288173517212e-002,0.3768398
9.232116298517212e-002,0.3668954
9.280944423517212e-002,0.3453202
9.329772548517212e-002,0.3126048
9.378600673517212e-002,0.2696072
9.427428798517212e-002,0.2178075
9.476256923517212e-002,0.1597783
9.525085048517212e-002,0.1004393
9.573913173517212e-002,0.04918747
9.622741298517212e-002,0.01651379
9.671569423517212e-002,0.003324167
9.720397548517212e-002,0.0003992422
9.769225673517212e-002,3.65211e-05
9.818053798517212e-002,2.890954e-06
9.866881923517212e-002,2.053018e-07
9.915710048517212e-002,1.331845e-08
9.964538173517212e-002,7.909312e-10
1.001336629851721e-001,2.341199e-10
1.006219442351721e-001,3.775055e-09
1.011102254851721e-001,6.01789e-08
1.015985067351721e-001,8.840566e-07
1.020867879851721e-001,1.176585e-05
1.025750692351721e-001,0.0001383038
1.030633504851721e-001,0.001339719
1.035516317351721e-001,0.008585298
1.040399129851721e-001,0.03171454
1.045281942351721e-001,0.07549792
1.050164754851721e-001,0.1326082
1.055047567351721e-001,0.1921226
1.059930379851721e-001,0.247165
1.064813192351721e-001,0.2943096
1.069696004851721e-001,0.3318011
1.074578817351721e-001,0.3585277
1.079461629851721e-001,0.3737931
1.084344442351721e-001,0.3772726
1.089227254851721e-001,0.3689006
1.094110067351721e-001,0.3488544
1.098992879851721e-001,0.3175842
1.103875692351721e-001,0.2758907
1.108758504851721e-001,0.225153
1.113641317351721e-001,0.1677431
1.118524129851721e-001,0.1081414
1.123406942351721e-001,0.05512314
1.128289754851721e-001,0.01961665
1.133172567351721e-001,0.004256871
1.138055379851721e-001,0.000540722
1.142938192351721e-001,5.072307e-05
1.147821004851721e-001,4.081802e-06
1.152703817351721e-001,2.93667e-07
1.157586629851721e-001,1.925508e-08
1.162469442351721e-001,1.160055e-09
1.167352254851721e-001,1.842937e-10
1.172235067351721e-001,2.590119e-09
1.177117879851721e-001,4.180465e-08
1.182000692351721e-001,6.21165e-07
1.186883504851721e-001,8.385965e-06
1.191766317351721e-001,0.0001004393
1.196649129851721e-001,0.001006959
1.201531942351721e-001,0.006927986
1.206414754851721e-001,0.02741115
1.211297567351721e-001,0.06863046
1.216180379851721e-001,0.1246315
1.221063192351721e-001,0.1843343
1.225946004851721e-001,0.2402207
1.230828817351721e-001,0.2885377
1.235711629851721e-001,0.3273999
1.240594442351721e-001,0.3556161
1.245477254851721e-001,0.3724346
1.250360067351721e-001,0.3774944
1.255242879851721e-001,0.3706978
1.260125692351721e-001,0.3521887
1.265008504851721e-001,0.3223776
1.269891317351721e-001,0.2820113
1.274774129851721e-001,0.2323353
1.279656942351721e-001,0.1755809
1.284539754851721e-001,0.1159139
1.289422567351721e-001,0.06138354
1.294305379851721e-001,0.02310015
1.299188192351721e-001,0.005395231
1.304071004851721e-001,0.0007286614
1.308953817351721e-001,7.026517e-05
1.313836629851721e-001,5.751857e-06
1.318719442351721e-001,4.194025e-07
1.323602254851721e-001,2.779708e-08
1.328485067351721e-001,1.698892e-09
1.338250692351721e-001,1.772938e-09
1.343133504851721e-001,2.899931e-08
1.348016317351721e-001,4.357162e-07
1.352899129851721e-001,5.96447e-06
1.357781942351721e-001,7.272641e-05
1.362664754851721e-001,0.0007519386
1.367547567351721e-001,0.005531517
1.372430379851721e-001,0.02349821
1.377313192351721e-001,0.06207088
1.382196004851721e-001,0.116787
1.387078817351721e-001,0.1765113
1.391961629851721e-001,0.2331397
1.396844442351721e-001,0.2825939
1.401727254851721e-001,0.3228069
1.406610067351721e-001,0.3525014
1.411492879851721e-001,0.3708668
1.416375692351721e-001,0.3775051
1.421258504851721e-001,0.3722864
1.426141317351721e-001,0.3553215
1.431024129851721e-001,0.3269826
1.435906942351721e-001,0.2879652
1.440789754851721e-001,0.2394328
1.445672567351721e-001,0.1834492
1.450555379851721e-001,0.1238152
1.455438192351721e-001,0.06794464
1.460321004851721e-001,0.02697353
1.465203817351721e-001,0.006766188
1.470086629851721e-001,0.0009763416
1.474969442351721e-001,9.706946e-05
1.479852254851721e-001,8.088795e-06
1.484735067351721e-001,5.97998e-07
1.489617879851721e-001,4.0071e-08
1.494500692351721e-001,2.482216e-09
1.499383504851721e-001,1.808994e-10
1.504266317351721e-001,1.210715e-09
1.509149129851721e-001,2.008771e-08
1.514031942351721e-001,3.044762e-07
1.518914754851721e-001,4.23226e-06
1.523797567351721e-001,5.251401e-05
1.528680379851721e-001,0.0005582851
1.533563192351721e-001,0.004369759
1.538446004851721e-001,0.01997425
1.543328817351721e-001,0.05577831
1.548211629851721e-001,0.1089626
1.553094442351721e-001,0.1685964
1.557977254851721e-001,0.2259278
1.562860067351721e-001,0.2764819
1.567742879851721e-001,0.3180241
1.572625692351721e-001,0.3491847
1.577508504851721e-001,0.3690902
1.582391317351721e-001,0.3773046
1.587274129851721e-001,0.3736658
1.592156942351721e-001,0.3582517
1.597039754851721e-001,0.3313972
1.601922567351721e-001,0.2937488
1.606805379851721e-001,0.2463941
1.611688192351721e-001,0.191245
1.616571004851721e-001,0.1317749
1.621453817351721e-001,0.07478001
1.626336629851721e-001,0.03124014
1.631219442351721e-001,0.00839645
1.636102254851721e-001,0.001299798
1.640985067351721e-001,0.0001337067
1.645867879851721e-001,1.135146e-05
1.650750692351721e-001,8.512165e-07
1.655633504851721e-001,5.768221e-08
1.660516317351721e-001,3.61812e-09
1.665399129851721e-001,2.268394e-10
1.670281942351721e-001,8.254093e-10
1.675164754851721e-001,1.389437e-08
1.680047567351721e-001,2.129301e-07
1.684930379851721e-001,2.998226e-06
1.689813192351721e-001,3.782083e-05
1.694696004851721e-001,0.0004124058
1.699578817351721e-001,0.00341614
1.704461629851721e-001,0.01683133
1.709344442351721e-001,0.04980762
1.714227254851721e-001,0.1012458
1.719110067351721e-001,0.1606335
1.723992879851721e-001,0.2185915
1.728875692351721e-001,0.2702049
1.733758504851721e-001,0.3130535
1.738641317351721e-001,0.3456672
1.743524129851721e-001,0.3671056
1.748406942351721e-001,0.3768931
1.753289754851721e-001,0.3748355
1.758172567351721e-001,0.360978
1.763055379851721e-001,0.3356193
1.767938192351721e-001,0.2993588
1.772821004851721e-001,0.2532135
1.777703817351721e-001,0.1989571
1.782586629851721e-001,0.13977
1.787469442351721e-001,0.08186096
1.792352254851721e-001,0.03589736
1.797235067351721e-001,0.01031224
1.802117879851721e-001,0.001717896
1.807000692351721e-001,0.000183592
1.811883504851721e-001,1.589577e-05
1.816766317351721e-001,1.209567e-06
1.821649129851721e-001,8.291423e-08
1.826531942351721e-001,5.262415e-09
1.831414754851721e-001,3.116844e-10
1.836297567351721e-001,5.632533e-10
1.841180379851721e-001,9.595872e-09
1.846063192351721e-001,1.486784e-07
1.850946004851721e-001,2.119938e-06
1.855828817351721e-001,2.717118e-05
1.860711629851721e-001,0.0003032757
1.865594442351721e-001,0.00264403
1.870477254851721e-001,0.01405548
1.875360067351721e-001,0.0441802
1.880242879851721e-001,0.09366477
1.885125692351721e-001,0.152637
1.890008504851721e-001,0.2111379
1.894891317351721e-001,0.2637668
1.899774129851721e-001,0.3078973
1.904656942351721e-001,0.3419504
1.909539754851721e-001,0.3649135
1.914422567351721e-001,0.3762707
1.919305379851721e-001,0.3757951
1.924188192351721e-001,0.3634995
1.929071004851721e-001,0.3396469
1.933953817351721e-001,0.3047922
1.938836629851721e-001,0.2598857
1.943719442351721e-001,0.2065755
1.948602254851721e-001,0.1477792
1.953485067351721e-001,0.08915742
1.958367879851721e-001,0.04093738
1.963250692351721e-001,0.01253898
1.968133504851721e-001,0.002252187
1.973016317351721e-001,0.0002512245
1.977899129851721e-001,2.220962e-05
1.982781942351721e-001,1.715721e-06
1.987664754851721e-001,1.190092e-07
1.992547567351721e-001,7.639216e-09
1.997430379851721e-001,4.474316e-10
2.002313192351721e-001,3.874902e-10
2.007196004851721e-001,6.616351e-09
2.012078817351721e-001,1.036583e-07
2.016961629851721e-001,1.496141e-06
2.021844442351721e-001,1.947395e-05
2.026727254851721e-001,0.0002221274
2.031610067351721e-001,0.002027326
2.036492879851721e-001,0.01162785
2.041375692351721e-001,0.03891414
2.046258504851721e-001,0.08624918
2.051141317351721e-001,0.144623
2.056024129851721e-001,0.2036409
2.060906942351721e-001,0.2573127
2.065789754851721e-001,0.3026389
2.070672567351721e-001,0.3380394
2.075555379851721e-001,0.3625118
2.080438192351721e-001,0.3754373
2.085321004851721e-001,0.3765442
2.090203817351721e-001,0.3658151
2.095086629851721e-001,0.3434785
2.099969442351721e-001,0.3100461
2.104852254851721e-001,0.2664057
2.109735067351721e-001,0.214091
2.114617879851721e-001,0.1557835
2.119500692351721e-001,0.09663878
2.124383504851721e-001,0.04634801
2.129266317351721e-001,0.01510059
2.134149129851721e-001,0.002926532
2.139031942351721e-001,0.0003424735
2.143914754851721e-001,3.096047e-05
2.148797567351721e-001,2.431214e-06
2.153680379851721e-001,1.715577e-07
2.158563192351721e-001,1.107032e-08
2.163446004851721e-001,6.532188e-10
2.168328817351721e-001,2.733717e-10
2.173211629851721e-001,4.553758e-09
2.178094442351721e-001,7.216411e-08
2.182977254851721e-001,1.053989e-06
2.187860067351721e-001,1.392539e-05
2.192742879851721e-001,0.0001621021
2.197625692351721e-001,0.001541141
2.202508504851721e-001,0.009519756
2.207391317351721e-001,0.03401141
2.212274129851721e-001,0.07902311
2.217156942351721e-001,0.1366092
2.222039754851721e-001,0.1959852
2.226922567351721e-001,0.2505841
2.231805379851721e-001,0.2971303
2.236688192351721e-001,0.3339292
2.241571004851721e-001,0.3599069
2.246453817351721e-001,0.3743937
2.251336629851721e-001,0.3770825
2.256219442351721e-001,0.3679239
2.261102254851721e-001,0.3471122
2.265985067351721e-001,0.3151176
2.270867879851721e-001,0.2727691
2.275750692351721e-001,0.2214951
2.280633504851721e-001,0.1637655
2.285516317351721e-001,0.1042747
2.290399129851721e-001,0.05211334
2.295281942351721e-001,0.01801846
2.300164754851721e-001,0.003766497
2.305047567351721e-001,0.0004649026
2.309930379851721e-001,4.305385e-05
2.314813192351721e-001,3.435989e-06
2.319696004851721e-001,2.455888e-07
2.324578817351721e-001,1.601698e-08
2.329461629851721e-001,9.579487e-10
2.334344442351721e-001,2.047712e-10
2.339227254851721e-001,3.127839e-09
2.344110067351721e-001,5.016626e-08
2.348992879851721e-001,7.412013e-07
2.353875692351721e-001,9.935822e-06
2.358758504851721e-001,0.0001179057
2.363641317351721e-001,0.001162488
2.368524129851721e-001,0.007722428
2.373406942351721e-001,0.0295142
2.378289754851721e-001,0.07203244
2.383172567351721e-001,0.1286147
2.388055379851721e-001,0.1882385
2.392938192351721e-001,0.2437103
2.397821004851721e-001,0.2914453
2.402703817351721e-001,0.3296246
2.407586629851721e-001,0.3570974
2.412469442351721e-001,0.37314
2.417352254851721e-001,0.3774099
2.422235067351721e-001,0.3698252
2.427117879851721e-001,0.3505467
2.432000692351721e-001,0.3200043
2.436883504851721e-001,0.2789716
2.441766317351721e-001,0.2287373
2.446649129851721e-001,0.1716233
2.451531942351721e-001,0.1119929
2.456414754851721e-001,0.05821423
2.461297567351721e-001,0.02131014
2.466180379851721e-001,0.004798658
2.471063192351721e-001,0.0006281167
2.475946004851721e-001,5.971968e-05
2.480828817351721e-001,4.846614e-06
2.485711629851721e-001,3.510186e-07
2.490594442351721e-001,2.313932e-08
2.495477254851721e-001,1.404232e-09
2.505242879851721e-001,2.143573e-09
2.510125692351721e-001,3.482437e-08
2.515008504851721e-001,5.203497e-07
2.519891317351721e-001,7.074155e-06
2.524774129851721e-001,8.549733e-05
2.529656942351721e-001,0.0008708215
2.534539754851721e-001,0.006198765
2.539422567351721e-001,0.02540581
2.544305379851721e-001,0.06533031
2.549188192351721e-001,0.1207312
2.554071004851721e-001,0.1804466
2.558953817351721e-001,0.236697
2.563836629851721e-001,0.285587
2.568719442351721e-001,0.3251272
2.573602254851721e-001,0.3540841
2.578485067351721e-001,0.3716768
2.583367879851721e-001,0.3775261
2.588250692351721e-001,0.3715182
2.593133504851721e-001,0.3537804
2.598016317351721e-001,0.3247038
2.602899129851721e-001,0.2850093
2.607781942351721e-001,0.2359007
2.612664754851721e-001,0.1795234
2.617547567351721e-001,0.1198557
2.622430379851721e-001,0.06462809
2.627313192351721e-001,0.02498775
2.632196004851721e-001,0.006049957
2.637078817351721e-001,0.000844098
2.641961629851721e-001,8.261616e-05
2.646844442351721e-001,6.822723e-06
2.651727254851721e-001,5.009046e-07
2.656610067351721e-001,3.338044e-08
2.661492879851721e-001,2.054162e-09
2.671258504851721e-001,1.465508e-09
2.676141317351721e-001,2.414e-08
2.681024129851721e-001,3.638759e-07
2.685906942351721e-001,5.024654e-06
2.690789754851721e-001,6.181959e-05
2.695672567351721e-001,0.0006483538
2.700555379851721e-001,0.004922953
2.705438192351721e-001,0.02168795
2.710321004851721e-001,0.05888582
2.715203817351721e-001,0.1128631
2.720086629851721e-001,0.1725608
2.724969442351721e-001,0.2295497
2.729852254851721e-001,0.2795587
2.734735067351721e-001,0.3204391
2.739617879851721e-001,0.3508682
2.744500692351721e-001,0.3700046
2.749383504851721e-001,0.3774313
2.754266317351721e-001,0.3730023
2.759149129851721e-001,0.356812
2.764031942351721e-001,0.3292139
2.768914754851721e-001,0.2908785
2.773797567351721e-001,0.2429309
2.778680379851721e-001,0.1873569
2.783563192351721e-001,0.1277893
2.788446004851721e-001,0.07132979
2.793328817351721e-001,0.02905771
2.798211629851721e-001,0.007547254
2.803094442351721e-001,0.001127485
2.807977254851721e-001,0.0001139679
2.812860067351721e-001,9.584798e-06
2.817742879851721e-001,7.136122e-07
2.822625692351721e-001,4.808544e-08
2.827508504851721e-001,2.997681e-09
2.832391317351721e-001,1.995278e-10
2.837274129851721e-001,9.997789e-10
2.842156942351721e-001,1.670958e-08
2.847039754851721e-001,2.546716e-07
2.851922567351721e-001,3.563067e-06
2.856805379851721e-001,4.458011e-05
2.861688192351721e-001,0.0004801196
2.866571004851721e-001,0.003868602
2.871453817351721e-001,0.0183559
2.876336629851721e-001,0.05275132
2.881219442351721e-001,0.105089
2.886102254851721e-001,0.1646201
2.890985067351721e-001,0.2222748
2.895867879851721e-001,0.2733637
2.900750692351721e-001,0.3155621
2.905633504851721e-001,0.3474509
2.910516317351721e-001,0.3681239
2.915399129851721e-001,0.3771253
2.920281942351721e-001,0.3742769
2.925164754851721e-001,0.3596404
2.930047567351721e-001,0.3335324
2.934930379851721e-001,0.2965757
2.939813192351721e-001,0.2498219
2.944696004851721e-001,0.1951121
2.949578817351721e-001,0.1357694
2.954461629851721e-001,0.07829164
2.959344442351721e-001,0.0335203
2.964227254851721e-001,0.009317042
2.969110067351721e-001,0.00149573
2.973992879851721e-001,0.0001567407
2.978875692351721e-001,1.343649e-05
2.983758504851721e-001,1.014916e-06
2.988641317351721e-001,6.916942e-08
2.993524129851721e-001,4.364606e-09
2.998406942351721e-001,2.637928e-10
3.003289754851721e-001,6.815656e-10
3.008172567351721e-001,1.154907e-08
3.013055379851721e-001,1.779612e-07
3.017938192351721e-001,2.521717e-06
3.022821004851721e-001,3.206649e-05
3.027703817351721e-001,0.0003538439
3.032586629851721e-001,0.003009048
3.037469442351721e-001,0.0153986
3.042352254851721e-001,0.04694979
3.047235067351721e-001,0.09743646
3.052117879851721e-001,0.1566385
3.057000692351721e-001,0.2148789
3.061883504851721e-001,0.2670057
3.066766317351721e-001,0.3104984
3.071649129851721e-001,0.3438337
3.076531942351721e-001,0.3660354
3.081414754851721e-001,0.3766083
3.086297567351721e-001,0.3753416
3.091180379851721e-001,0.3622645
3.096063192351721e-001,0.3376575
3.100946004851721e-001,0.3020978
3.105828817351721e-001,0.2565683
3.110711629851721e-001,0.2027786
3.115594442351721e-001,0.1437741
3.120477254851721e-001,0.08548416
3.125360067351721e-001,0.03837018
3.130242879851721e-001,0.0113852
3.135125692351721e-001,0.001969074
3.140008504851721e-001,0.0002148588
3.144891317351721e-001,1.879468e-05
3.149774129851721e-001,1.440908e-06
3.154656942351721e-001,9.935395e-08
3.159539754851721e-001,6.341848e-09
3.164422567351721e-001,3.721918e-10
3.169305379851721e-001,4.663546e-10
3.174188192351721e-001,7.969742e-09
3.179071004851721e-001,1.241672e-07
3.183953817351721e-001,1.781343e-06
3.188836629851721e-001,2.300952e-05
3.193719442351721e-001,0.0002596731
3.198602254851721e-001,0.002317845
3.203485067351721e-001,0.01279947
3.208367879851721e-001,0.04150101
3.213250692351721e-001,0.08993442
3.218133504851721e-001,0.1486311
3.223016317351721e-001,0.2073695
3.227899129851721e-001,0.2604886
3.232781942351721e-001,0.3052502
3.237664754851721e-001,0.3400178
3.242547567351721e-001,0.36374
3.247430379851721e-001,0.3758805
3.252313192351721e-001,0.376196
3.257196004851721e-001,0.3646831
3.262078817351721e-001,0.3415873
3.266961629851721e-001,0.3074418
3.271844442351721e-001,0.263165
3.276727254851721e-001,0.2103466
3.281610067351721e-001,0.1517831
3.286492879851721e-001,0.0928769
3.291375692351721e-001,0.04359728
3.296258504851721e-001,0.01377651
3.301141317351721e-001,0.002570287
3.306024129851721e-001,0.000293468
3.310906942351721e-001,2.623065e-05
3.315789754851721e-001,2.043622e-06
3.320672567351721e-001,1.433056e-07
3.325555379851721e-001,9.198014e-09
3.330438192351721e-001,5.400314e-10
3.335321004851721e-001,3.239045e-10
3.340203817351721e-001,5.490318e-09
3.345086629851721e-001,8.650511e-08
3.349969442351721e-001,1.256033e-06
3.354852254851721e-001,1.647223e-05
3.359735067351721e-001,0.0001898381
3.364617879851721e-001,0.001769408
3.369500692351721e-001,0.01053771
3.374383504851721e-001,0.0364213
3.379266317351721e-001,0.08261288
3.384149129851721e-001,0.1406148
3.389031942351721e-001,0.199825
3.393914754851721e-001,0.2539669
3.398797567351721e-001,0.2999068
3.403680379851721e-001,0.3360087
3.408563192351721e-001,0.361235
3.413446004851721e-001,0.3749417
3.418328817351721e-001,0.3768398
3.423211629851721e-001,0.3668954
3.428094442351721e-001,0.3453202
3.432977254851721e-001,0.3126048
3.437860067351721e-001,0.2696072
3.442742879851721e-001,0.2178075
3.447625692351721e-001,0.1597783
3.452508504851721e-001,0.1004393
3.457391317351721e-001,0.04918747
3.462274129851721e-001,0.01651379
3.467156942351721e-001,0.003324167
3.472039754851721e-001,0.0003992422
3.476922567351721e-001,3.65211e-05
3.481805379851721e-001,2.890954e-06
3.486688192351721e-001,2.053018e-07
3.491571004851721e-001,1.331845e-08
3.496453817351721e-001,7.909312e-10
3.501336629851721e-001,2.341199e-10
3.506219442351721e-001,3.775055e-09
3.511102254851721e-001,6.01789e-08
3.515985067351721e-001,8.840566e-07
3.520867879851721e-001,1.176585e-05
3.525750692351721e-001,0.0001383038
3.530633504851721e-001,0.001339719
3.535516317351721e-001,0.008585298
3.540399129851721e-001,0.03171454
3.545281942351721e-001,0.07549792
3.550164754851721e-001,0.1326082
3.555047567351721e-001,0.1921226
3.559930379851721e-001,0.247165
3.564813192351721e-001,0.2943096
3.569696004851721e-001,0.3318011
3.574578817351721e-001,0.3585277
3.579461629851721e-001,0.3737931
3.584344442351721e-001,0.3772726
3.589227254851721e-001,0.3689006
3.594110067351721e-001,0.3488544
3.598992879851721e-001,0.3175842
3.603875692351721e-001,0.2758907
3.608758504851721e-001,0.225153
3.613641317351721e-001,0.1677431
3.618524129851721e-001,0.1081414
3.623406942351721e-001,0.05512314
3.628289754851721e-001,0.01961665
3.633172567351721e-001,0.004256871
3.638055379851721e-001,0.000540722
3.642938192351721e-001,5.072307e-05
3.647821004851721e-001,4.081802e-06
3.652703817351721e-001,2.93667e-07
3.657586629851721e-001,1.925508e-08
3.662469442351721e-001,1.160055e-09
3.667352254851721e-001,1.842937e-10
3.672235067351721e-001,2.590119e-09
3.677117879851721e-001,4.180465e-08
3.682000692351721e-001,6.21165e-07
3.686883504851721e-001,8.385965e-06
3.691766317351721e-001,0.0001004393
3.696649129851721e-001,0.001006959
3.701531942351721e-001,0.006927986
3.706414754851721e-001,0.02741115
3.711297567351721e-001,0.06863046
3.716180379851721e-001,0.1246315
3.721063192351721e-001,0.1843343
3.725946004851721e-001,0.2402207
3.730828817351721e-001,0.2885377
3.735711629851721e-001,0.3273999
3.740594442351721e-001,0.3556161
3.745477254851721e-001,0.3724346
3.750360067351721e-001,0.3774944
3.755242879851721e-001,0.3706978
3.760125692351721e-001,0.3521887
3.765008504851721e-001,0.3223776
3.769891317351721e-001,0.2820113
3.774774129851721e-001,0.2323353
3.779656942351721e-001,0.1755809
3.784539754851721e-001,0.1159139
3.789422567351721e-001,0.06138354
3.794305379851721e-001,0.02310015
3.799188192351721e-001,0.005395231
3.804071004851721e-001,0.0007286614
3.808953817351721e-001,7.026517e-05
3.813836629851721e-001,5.751857e-06
3.818719442351721e-001,4.194025e-07
3.823602254851721e-001,2.779708e-08
3.828485067351721e-001,1.698892e-09
3.838250692351721e-001,1.772938e-09
3.843133504851721e-001,2.899931e-08
3.848016317351721e-001,4.357162e-07
3.852899129851721e-001,5.96447e-06
3.857781942351721e-001,7.272641e-05
3.862664754851721e-001,0.0007519386
3.867547567351721e-001,0.005531517
3.872430379851721e-001,0.02349821
3.877313192351721e-001,0.06207088
3.882196004851721e-001,0.116787
3.887078817351721e-001,0.1765113
3.891961629851721e-001,0.2331397
3.896844442351721e-001,0.2825939
3.901727254851721e-001,0.3228069
3.906610067351721e-001,0.3525014
3.911492879851721e-001,0.3708668
3.916375692351721e-001,0.3775051
3.921258504851721e-001,0.3722864
3.926141317351721e-001,0.3553215
3.931024129851721e-001,0.3269826
3.935906942351721e-001,0.2879652
3.940789754851721e-001,0.2394328
3.945672567351721e-001,0.1834492
3.950555379851721e-001,0.1238152
3.955438192351721e-001,0.06794464
3.960321004851721e-001,0.02697353
3.965203817351721e-001,0.006766188
3.970086629851721e-001,0.0009763416
3.974969442351721e-001,9.706946e-05
3.979852254851721e-001,8.088795e-06
3.984735067351721e-001,5.97998e-07
3.989617879851721e-001,4.0071e-08
3.994500692351721e-001,2.482216e-09
3.999383504851721e-001,1.808994e-10
4.004266317351721e-001,1.210715e-09
4.009149129851721e-001,2.008771e-08
4.014031942351721e-001,3.044762e-07
4.018914754851721e-001,4.23226e-06
4.023797567351721e-001,5.251401e-05
4.028680379851721e-001,0.0005582851
4.033563192351721e-001,0.004369759
4.038446004851721e-001,0.01997425
4.043328817351721e-001,0.05577831
4.048211629851721e-001,0.1089626
4.053094442351721e-001,0.1685964
4.057977254851721e-001,0.2259278
4.062860067351721e-001,0.2764819
4.067742879851721e-001,0.3180241
4.072625692351721e-001,0.3491847
4.077508504851721e-001,0.3690902
4.082391317351721e-001,0.3773046
4.087274129851721e-001,0.3736658
4.092156942351721e-001,0.3582517
4.097039754851721e-001,0.3313972
4.101922567351721e-001,0.2937488
4.106805379851721e-001,0.2463941
4.111688192351721e-001,0.191245
4.116571004851721e-001,0.1317749
4.121453817351721e-001,0.07478001
4.126336629851721e-001,0.03124014
4.131219442351721e-001,0.00839645
4.136102254851721e-001,0.001299798
4.140985067351721e-001,0.0001337067
4.145867879851721e-001,1.135146e-05
4.150750692351721e-001,8.512165e-07
4.155633504851721e-001,5.768221e-08
4.160516317351721e-001,3.61812e-09
4.165399129851721e-001,2.268394e-10
4.170281942351721e-001,8.254093e-10
4.175164754851721e-001,1.389437e-08
4.180047567351721e-001,2.129301e-07
4.184930379851721e-001,2.998226e-06
4.189813192351721e-001,3.782083e-05
4.194696004851721e-001,0.0004124058
4.199578817351721e-001,0.00341614
4.204461629851721e-001,0.01683133
4.209344442351721e-001,0.04980762
4.214227254851721e-001,0.1012458
4.219110067351721e-001,0.1606335
4.223992879851721e-001,0.2185915
4.228875692351721e-001,0.2702049
4.233758504851721e-001,0.3130535
4.238641317351721e-001,0.3456672
4.243524129851721e-001,0.3671056
4.248406942351721e-001,0.3768931
4.253289754851721e-001,0.3748355
4.258172567351721e-001,0.360978
4.263055379851721e-001,0.3356193
4.267938192351721e-001,0.2993588
4.272821004851721e-001,0.2532135
4.277703817351721e-001,0.1989571
4.282586629851721e-001,0.13977
4.287469442351721e-001,0.08186096
4.292352254851721e-001,0.03589736
4.297235067351721e-001,0.01031224
4.302117879851721e-001,0.001717896
4.307000692351721e-001,0.000183592
4.311883504851721e-001,1.589577e-05
4.316766317351721e-001,1.209567e-06
4.321649129851721e-001,8.291423e-08
4.326531942351721e-001,5.262415e-09
4.331414754851721e-001,3.116844e-10
4.336297567351721e-001,5.632533e-10
4.341180379851721e-001,9.595872e-09
4.346063192351721e-001,1.486784e-07
4.350946004851721e-001,2.119938e-06
4.355828817351721e-001,2.717118e-05
4.360711629851721e-001,0.0003032757
4.365594442351721e-001,0.00264403
4.370477254851721e-001,0.01405548
4.375360067351721e-001,0.0441802
4.380242879851721e-001,0.09366477
4.385125692351721e-001,0.152637
4.390008504851721e-001,0.2111379
4.394891317351721e-001,0.2637668
4.399774129851721e-001,0.3078973
4.404656942351721e-001,0.3419504
4.409539754851721e-001,0.3649135
4.414422567351721e-001,0.3762707
4.419305379851721e-001,0.3757951
4.424188192351721e-001,0.3634995
4.429071004851721e-001,0.3396469
4.433953817351721e-001,0.3047922
4.438836629851721e-001,0.2598857
4.443719442351721e-001,0.2065755
4.448602254851721e-001,0.1477792
4.453485067351721e-001,0.08915742
4.458367879851721e-001,0.04093738
4.463250692351721e-001,0.01253898
4.468133504851721e-001,0.002252187
4.473016317351721e-001,0.0002512245
4.477899129851721e-001,2.220962e-05
4.482781942351721e-001,1.715721e-06
4.487664754851721e-001,1.190092e-07
4.492547567351721e-001,7.639216e-09
4.497430379851721e-001,4.474316e-10
4.502313192351721e-001,3.874902e-10
4.507196004851721e-001,6.616351e-09
4.512078817351721e-001,1.036583e-07
4.516961629851721e-001,1.496141e-06
4.521844442351721e-001,1.947395e-05
4.526727254851721e-001,0.0002221274
4.531610067351721e-001,0.002027326
4.536492879851721e-001,0.01162785
4.541375692351721e-001,0.03891414
4.546258504851721e-001,0.08624918
4.551141317351721e-001,0.144623
4.556024129851721e-001,0.2036409
4.560906942351721e-001,0.2573127
4.565789754851721e-001,0.3026389
4.570672567351721e-001,0.3380394
4.575555379851721e-001,0.3625118
4.580438192351721e-001,0.3754373
4.585321004851721e-001,0.3765442
4.590203817351721e-001,0.3658151
4.595086629851721e-001,0.3434785
4.599969442351721e-001,0.3100461
4.604852254851721e-001,0.2664057
4.609735067351721e-001,0.214091
4.614617879851721e-001,0.1557835
4.619500692351721e-001,0.09663878
4.624383504851721e-001,0.04634801
4.629266317351721e-001,0.01510059
4.634149129851721e-001,0.002926532
4.639031942351721e-001,0.0003424735
4.643914754851721e-001,3.096047e-05
4.648797567351721e-001,2.431214e-06
4.653680379851721e-001,1.715577e-07
4.658563192351721e-001,1.107032e-08
4.663446004851721e-001,6.532188e-10
4.668328817351721e-001,2.733717e-10
4.673211629851721e-001,4.553758e-09
4.678094442351721e-001,7.216411e-08
4.682977254851721e-001,1.053989e-06
4.687860067351721e-001,1.392539e-05
4.692742879851721e-001,0.0001621021
4.697625692351721e-001,0.001541141
4.702508504851721e-001,0.009519756
4.707391317351721e-001,0.03401141
4.712274129851721e-001,0.07902311
4.717156942351721e-001,0.1366092
4.722039754851721e-001,0.1959852
4.726922567351721e-001,0.2505841
4.731805379851721e-001,0.2971303
4.736688192351721e-001,0.3339292
4.741571004851721e-001,0.3599069
4.746453817351721e-001,0.3743937
4.751336629851721e-001,0.3770825
4.756219442351721e-001,0.3679239
4.761102254851721e-001,0.3471122
4.765985067351721e-001,0.3151176
4.770867879851721e-001,0.2727691
4.775750692351721e-001,0.2214951
4.780633504851721e-001,0.1637655
4.785516317351721e-001,0.1042747
4.790399129851721e-001,0.05211334
4.795281942351721e-001,0.01801846
4.800164754851721e-001,0.003766497
4.805047567351721e-001,0.0004649026
4.809930379851721e-001,4.305385e-05
4.814813192351721e-001,3.435989e-06
4.819696004851721e-001,2.455888e-07
4.824578817351721e-001,1.601698e-08
4.829461629851721e-001,9.579487e-10
4.834344442351721e-001,2.047712e-10
4.839227254851721e-001,3.127839e-09
4.844110067351721e-001,5.016626e-08
4.848992879851721e-001,7.412013e-07
4.853875692351721e-001,9.935822e-06
4.858758504851721e-001,0.0001179057
4.863641317351721e-001,0.001162488
4.868524129851721e-001,0.007722428
4.873406942351721e-001,0.0295142
4.878289754851721e-001,0.07203244
4.883172567351721e-001,0.1286147
4.888055379851721e-001,0.1882385
4.892938192351721e-001,0.2437103
4.897821004851721e-001,0.2914453
4.902703817351721e-001,0.3296246
4.907586629851721e-001,0.3570974
4.912469442351721e-001,0.37314
4.917352254851721e-001,0.3774099
4.922235067351721e-001,0.3698252
4.927117879851721e-001,0.3505467
4.932000692351721e-001,0.3200043
4.936883504851721e-001,0.2789716
4.941766317351721e-001,0.2287373
4.946649129851721e-001,0.1716233
4.951531942351721e-001,0.1119929
4.956414754851721e-001,0.05821423
4.961297567351721e-001,0.02131014
4.966180379851721e-001,0.004798658
4.971063192351721e-001,0.0006281167
4.975946004851721e-001,5.971968e-05
4.980828817351721e-001,4.846614e-06
4.985711629851721e-001,3.510186e-07
4.990594442351721e-001,2.313932e-08
4.995477254851721e-001,1.355286e-09
5.000000000000000e-001,-9.171018e-15
