0.000000000000000e+000,0.0
5.242879851721227e-004,6.1063e-11
1.012569235172123e-003,3.11115e-10
1.500850485172123e-003,1.060883e-09
1.989131735172123e-003,3.294893e-09
2.477412985172123e-003,9.616065e-09
2.965694235172123e-003,2.647349e-08
3.453975485172123e-003,6.847024e-08
3.942256735172123e-003,1.653513e-07
4.430537985172123e-003,3.704956e-07
4.918819235172123e-003,7.670824e-07
5.407100485172123e-003,1.457428e-06
5.895381735172123e-003,2.526044e-06
6.383662985172123e-003,3.980819e-06
6.871944235172123e-003,5.688131e-06
7.360225485172123e-003,7.351142e-06
7.848506735172123e-003,8.577538e-06
8.336787985172123e-003,9.026859e-06
8.825069235172123e-003,8.564982e-06
9.313350485172123e-003,7.32971e-06
9.801631735172123e-003,5.663415e-06
1.028991298517212e-002,3.957956e-06
1.077819423517212e-002,2.508112e-06
1.126647548517212e-002,1.445783e-06
1.175475673517212e-002,7.607903e-07
1.224303798517212e-002,3.668581e-07
1.273131923517212e-002,1.631908e-07
1.321960048517212e-002,6.750906e-08
1.370788173517212e-002,2.607945e-08
1.419616298517212e-002,9.465865e-09
1.468444423517212e-002,3.24117e-09
1.517272548517212e-002,1.042691e-09
1.566100673517212e-002,3.052568e-10
1.614928798517212e-002,7.254081e-11
1.712585048517212e-002,5.977129e-11
1.761413173517212e-002,2.611318e-10
1.810241298517212e-002,9.068515e-10
1.859069423517212e-002,2.843767e-09
1.907897548517212e-002,8.364188e-09
1.956725673517212e-002,2.321042e-08
2.005553798517212e-002,6.055313e-08
2.054381923517212e-002,1.476299e-07
2.103210048517212e-002,3.342264e-07
2.152038173517212e-002,6.99698e-07
2.200866298517212e-002,1.345088e-06
2.249694423517212e-002,2.360265e-06
2.298522548517212e-002,3.767604e-06
2.347350673517212e-002,5.455101e-06
2.396178798517212e-002,7.145851e-06
2.445006923517212e-002,8.453018e-06
2.493835048517212e-002,9.019428e-06
2.542663173517212e-002,8.676898e-06
2.591491298517212e-002,7.528043e-06
2.640319423517212e-002,5.895924e-06
2.689147548517212e-002,4.175438e-06
2.737975673517212e-002,2.680236e-06
2.786803798517212e-002,1.564299e-06
2.835631923517212e-002,8.329505e-07
2.884460048517212e-002,4.061554e-07
2.933288173517212e-002,1.825625e-07
2.982116298517212e-002,7.625207e-08
3.030944423517212e-002,2.971612e-08
3.079772548517212e-002,1.087248e-08
3.128600673517212e-002,3.751667e-09
3.177428798517212e-002,1.218073e-09
3.226256923517212e-002,3.625556e-10
3.275085048517212e-002,8.957048e-11
3.323913173517212e-002,1.912838e-11
3.372741298517212e-002,4.785047e-11
3.421569423517212e-002,2.183286e-10
3.470397548517212e-002,7.738775e-10
3.519225673517212e-002,2.451708e-09
3.568053798517212e-002,7.267849e-09
3.616881923517212e-002,2.032729e-08
3.665710048517212e-002,5.348703e-08
3.714538173517212e-002,1.316342e-07
3.763366298517212e-002,3.010786e-07
3.812194423517212e-002,6.372627e-07
3.861022548517212e-002,1.239415e-06
3.909850673517212e-002,2.201672e-06
3.958678798517212e-002,3.559626e-06
4.007506923517212e-002,5.222308e-06
4.056335048517212e-002,6.933702e-06
4.105163173517212e-002,8.315039e-06
4.153991298517212e-002,8.995417e-06
4.202819423517212e-002,8.774136e-06
4.251647548517212e-002,7.717681e-06
4.300475673517212e-002,6.126997e-06
4.349303798517212e-002,4.397176e-06
4.398131923517212e-002,2.859328e-06
4.446960048517212e-002,1.689783e-06
4.495788173517212e-002,9.105486e-07
4.544616298517212e-002,4.490106e-07
4.593444423517212e-002,2.039594e-07
4.642272548517212e-002,8.602134e-08
4.691100673517212e-002,3.382201e-08
4.739928798517212e-002,1.247521e-08
4.788756923517212e-002,4.337996e-09
4.837585048517212e-002,1.420893e-09
4.886413173517212e-002,4.292865e-10
4.935241298517212e-002,1.098512e-10
4.984069423517212e-002,2.217275e-11
5.032897548517212e-002,3.819791e-11
5.081725673517212e-002,1.817387e-10
5.130553798517212e-002,6.591814e-10
5.179381923517212e-002,2.111302e-09
5.228210048517212e-002,6.308768e-09
5.277038173517212e-002,1.778305e-08
5.325866298517212e-002,4.718937e-08
5.374694423517212e-002,1.172189e-07
5.423522548517212e-002,2.70836e-07
5.472350673517212e-002,5.795235e-07
5.521178798517212e-002,1.140225e-06
5.570006923517212e-002,2.050313e-06
5.618835048517212e-002,3.357322e-06
5.667663173517212e-002,4.990578e-06
5.716491298517212e-002,6.715682e-06
5.765319423517212e-002,8.164337e-06
5.814147548517212e-002,8.954959e-06
5.862975673517212e-002,8.856163e-06
5.911803798517212e-002,7.897681e-06
5.960631923517212e-002,6.355704e-06
6.009460048517212e-002,4.622571e-06
6.058288173517212e-002,3.045203e-06
6.107116298517212e-002,1.822353e-06
6.155944423517212e-002,9.938292e-07
6.204772548517212e-002,4.956619e-07
6.253600673517212e-002,2.275545e-07
6.302428798517212e-002,9.692124e-08
6.351256923517212e-002,3.845157e-08
6.400085048517212e-002,1.429931e-08
6.448913173517212e-002,5.010751e-09
6.497741298517212e-002,1.655241e-09
6.546569423517212e-002,5.069144e-10
6.595397548517212e-002,1.338559e-10
6.644225673517212e-002,2.687163e-11
6.693053798517212e-002,3.058379e-11
6.741881923517212e-002,1.505299e-10
6.790710048517212e-002,5.603386e-10
6.839538173517212e-002,1.816014e-09
6.888366298517212e-002,5.47066e-09
6.937194423517212e-002,1.554064e-08
6.986022548517212e-002,4.158438e-08
7.034850673517212e-002,1.042479e-07
7.083678798517212e-002,2.432911e-07
7.132506923517212e-002,5.262274e-07
7.181335048517212e-002,1.047312e-06
7.230163173517212e-002,1.906194e-06
7.278991298517212e-002,3.161071e-06
7.327819423517212e-002,4.760696e-06
7.376647548517212e-002,6.492776e-06
7.425475673517212e-002,8.001706e-06
7.474303798517212e-002,8.898281e-06
7.523131923517212e-002,8.922521e-06
7.571960048517212e-002,8.067133e-06
7.620788173517212e-002,6.581094e-06
7.669616298517212e-002,4.850972e-06
7.718444423517212e-002,3.237624e-06
7.767272548517212e-002,1.962095e-06
7.816100673517212e-002,1.083029e-06
7.864928798517212e-002,5.463531e-07
7.913756923517212e-002,2.535307e-07
7.962585048517212e-002,1.090645e-07
8.011413173517212e-002,4.366464e-08
8.060241298517212e-002,1.637291e-08
8.109069423517212e-002,5.78189e-09
8.157897548517212e-002,1.925778e-09
8.206725673517212e-002,5.971265e-10
8.255553798517212e-002,1.62141e-10
8.304381923517212e-002,3.333771e-11
8.353210048517212e-002,2.482612e-11
8.402038173517212e-002,1.239873e-10
8.450866298517212e-002,4.75236e-10
8.499694423517212e-002,1.560095e-09
8.548522548517212e-002,4.739034e-09
8.597350673517212e-002,1.356662e-08
8.646178798517212e-002,3.66027e-08
8.695006923517212e-002,9.259426e-08
8.743835048517212e-002,2.182457e-07
8.792663173517212e-002,4.771242e-07
8.841491298517212e-002,9.604586e-07
8.890319423517212e-002,1.769285e-06
8.939147548517212e-002,2.971196e-06
8.987975673517212e-002,4.533398e-06
9.036803798517212e-002,6.265966e-06
9.085631923517212e-002,7.827994e-06
9.134460048517212e-002,8.825701e-06
9.183288173517212e-002,8.972845e-06
9.232116298517212e-002,8.225164e-06
9.280944423517212e-002,6.802192e-06
9.329772548517212e-002,5.081672e-06
9.378600673517212e-002,3.436302e-06
9.427428798517212e-002,2.109064e-06
9.476256923517212e-002,1.178375e-06
9.525085048517212e-002,6.013327e-07
9.573913173517212e-002,2.820806e-07
9.622741298517212e-002,1.225724e-07
9.671569423517212e-002,4.95268e-08
9.720397548517212e-002,1.872732e-08
9.769225673517212e-002,6.664886e-09
9.818053798517212e-002,2.237817e-09
9.866881923517212e-002,7.018629e-10
9.915710048517212e-002,1.953573e-10
9.964538173517212e-002,4.172573e-11
1.001336629851721e-001,2.078689e-11
1.006219442351721e-001,1.014981e-10
1.011102254851721e-001,4.020352e-10
1.015985067351721e-001,1.338492e-09
1.020867879851721e-001,4.101016e-09
1.025750692351721e-001,1.183096e-08
1.030633504851721e-001,3.218098e-08
1.035516317351721e-001,8.214003e-08
1.040399129851721e-001,1.955108e-07
1.045281942351721e-001,4.312448e-07
1.050164754851721e-001,8.77989e-07
1.055047567351721e-001,1.638796e-06
1.059930379851721e-001,2.787967e-06
1.064813192351721e-001,4.309368e-06
1.069696004851721e-001,6.036214e-06
1.074578817351721e-001,7.644087e-06
1.079461629851721e-001,8.737625e-06
1.084344442351721e-001,9.006847e-06
1.089227254851721e-001,8.370946e-06
1.094110067351721e-001,7.018017e-06
1.098992879851721e-001,5.313917e-06
1.103875692351721e-001,3.640889e-06
1.108758504851721e-001,2.263276e-06
1.113641317351721e-001,1.280079e-06
1.118524129851721e-001,6.608519e-07
1.123406942351721e-001,3.134058e-07
1.128289754851721e-001,1.375754e-07
1.133172567351721e-001,5.61098e-08
1.138055379851721e-001,2.139731e-08
1.142938192351721e-001,7.674895e-09
1.147821004851721e-001,2.597399e-09
1.152703817351721e-001,8.233525e-10
1.157586629851721e-001,2.342634e-10
1.162469442351721e-001,5.223579e-11
1.172235067351721e-001,8.253965e-11
1.177117879851721e-001,3.391384e-10
1.182000692351721e-001,1.146771e-09
1.186883504851721e-001,3.545191e-09
1.191766317351721e-001,1.030664e-08
1.196649129851721e-001,2.82615e-08
1.201531942351721e-001,7.277569e-08
1.206414754851721e-001,1.749072e-07
1.211297567351721e-001,3.898705e-07
1.216180379851721e-001,8.027094e-07
1.221063192351721e-001,1.516152e-06
1.225946004851721e-001,2.6116e-06
1.230828817351721e-001,4.089238e-06
1.235711629851721e-001,5.804466e-06
1.240594442351721e-001,7.45091e-06
1.245477254851721e-001,8.634537e-06
1.250360067351721e-001,9.024339e-06
1.255242879851721e-001,8.503709e-06
1.260125692351721e-001,7.227583e-06
1.265008504851721e-001,5.546905e-06
1.269891317351721e-001,3.850984e-06
1.274774129851721e-001,2.424707e-06
1.279656942351721e-001,1.389094e-06
1.284539754851721e-001,7.266714e-07
1.289422567351721e-001,3.48471e-07
1.294305379851721e-001,1.542129e-07
1.299188192351721e-001,6.349194e-08
1.304071004851721e-001,2.442143e-08
1.308953817351721e-001,8.828946e-09
1.313836629851721e-001,3.011383e-09
1.318719442351721e-001,9.641512e-10
1.323602254851721e-001,2.797407e-10
1.328485067351721e-001,6.51176e-11
1.338250692351721e-001,6.666841e-11
1.343133504851721e-001,2.851592e-10
1.348016317351721e-001,9.810461e-10
1.352899129851721e-001,3.061446e-09
1.357781942351721e-001,8.969459e-09
1.362664754851721e-001,2.479173e-08
1.367547567351721e-001,6.439987e-08
1.372430379851721e-001,1.562654e-07
1.377313192351721e-001,3.519569e-07
1.382196004851721e-001,7.327558e-07
1.387078817351721e-001,1.400414e-06
1.391961629851721e-001,2.442261e-06
1.396844442351721e-001,3.873586e-06
1.401727254851721e-001,5.57164e-06
1.406610067351721e-001,7.249415e-06
1.411492879851721e-001,8.517005e-06
1.416375692351721e-001,9.025222e-06
1.421258504851721e-001,8.622738e-06
1.426141317351721e-001,7.429904e-06
1.431024129851721e-001,5.779792e-06
1.435906942351721e-001,4.06613e-06
1.440789754851721e-001,2.593293e-06
1.445672567351721e-001,1.504178e-06
1.450555379851721e-001,7.962062e-07
1.455438192351721e-001,3.860766e-07
1.460321004851721e-001,1.72634e-07
1.465203817351721e-001,7.175849e-08
1.470086629851721e-001,2.784233e-08
1.474969442351721e-001,1.014613e-08
1.479852254851721e-001,3.487552e-09
1.484735067351721e-001,1.127187e-09
1.489617879851721e-001,3.328108e-10
1.494500692351721e-001,8.067586e-11
1.504266317351721e-001,5.351098e-11
1.509149129851721e-001,2.388966e-10
1.514031942351721e-001,8.37915e-10
1.518914754851721e-001,2.640839e-09
1.523797567351721e-001,7.797768e-09
1.528680379851721e-001,2.172402e-08
1.533563192351721e-001,5.691903e-08
1.538446004851721e-001,1.394257e-07
1.543328817351721e-001,3.17276e-07
1.548211629851721e-001,6.678775e-07
1.553094442351721e-001,1.291429e-06
1.557977254851721e-001,2.280066e-06
1.562860067351721e-001,3.662932e-06
1.567742879851721e-001,5.338622e-06
1.572625692351721e-001,7.040572e-06
1.577508504851721e-001,8.385667e-06
1.582391317351721e-001,9.009489e-06
1.587274129851721e-001,8.727387e-06
1.592156942351721e-001,7.624009e-06
1.597039754851721e-001,6.011697e-06
1.601922567351721e-001,4.285811e-06
1.606805379851721e-001,2.768921e-06
1.611688192351721e-001,1.626162e-06
1.616571004851721e-001,8.710544e-07
1.621453817351721e-001,4.271235e-07
1.626336629851721e-001,1.929972e-07
1.631219442351721e-001,8.100209e-08
1.636102254851721e-001,3.170712e-08
1.640985067351721e-001,1.164782e-08
1.645867879851721e-001,4.034721e-09
1.650750692351721e-001,1.315811e-09
1.655633504851721e-001,3.946554e-10
1.660516317351721e-001,9.92767e-11
1.665399129851721e-001,2.044923e-11
1.670281942351721e-001,4.275619e-11
1.675164754851721e-001,1.993119e-10
1.680047567351721e-001,7.144041e-10
1.684930379851721e-001,2.275476e-09
1.689813192351721e-001,6.772213e-09
1.694696004851721e-001,1.901521e-08
1.699578817351721e-001,5.024703e-08
1.704461629851721e-001,1.242377e-07
1.709344442351721e-001,2.856073e-07
1.714227254851721e-001,6.078219e-07
1.719110067351721e-001,1.189022e-06
1.723992879851721e-001,2.125086e-06
1.728875692351721e-001,3.45774e-06
1.733758504851721e-001,5.10626e-06
1.738641317351721e-001,6.825364e-06
1.743524129851721e-001,8.24123e-06
1.748406942351721e-001,8.977231e-06
1.753289754851721e-001,8.817082e-06
1.758172567351721e-001,7.808943e-06
1.763055379851721e-001,6.241705e-06
1.767938192351721e-001,4.509456e-06
1.772821004851721e-001,2.951431e-06
1.777703817351721e-001,1.755176e-06
1.782586629851721e-001,9.514636e-07
1.787469442351721e-001,4.718466e-07
1.792352254851721e-001,2.154709e-07
1.797235067351721e-001,9.132311e-08
1.802117879851721e-001,3.606772e-08
1.807000692351721e-001,1.335791e-08
1.811883504851721e-001,4.662857e-09
1.816766317351721e-001,1.533849e-09
1.821649129851721e-001,4.666385e-10
1.826531942351721e-001,1.213553e-10
1.831414754851721e-001,2.430929e-11
1.836297567351721e-001,3.414849e-11
1.841180379851721e-001,1.655089e-10
1.846063192351721e-001,6.079173e-10
1.850946004851721e-001,1.958395e-09
1.855828817351721e-001,5.875538e-09
1.860711629851721e-001,1.662629e-08
1.865594442351721e-001,4.430477e-08
1.870477254851721e-001,1.10561e-07
1.875360067351721e-001,2.56739e-07
1.880242879851721e-001,5.523357e-07
1.885125692351721e-001,1.092997e-06
1.890008504851721e-001,1.977349e-06
1.894891317351721e-001,3.258418e-06
1.899774129851721e-001,4.875359e-06
1.904656942351721e-001,6.604778e-06
1.909539754851721e-001,8.08446e-06
1.914422567351721e-001,8.928629e-06
1.919305379851721e-001,8.891326e-06
1.924188192351721e-001,7.983781e-06
1.929071004851721e-001,6.468874e-06
1.933953817351721e-001,4.736439e-06
1.938836629851721e-001,3.140612e-06
1.943719442351721e-001,1.891323e-06
1.948602254851721e-001,1.037675e-06
1.953485067351721e-001,5.204871e-07
1.958367879851721e-001,2.402331e-07
1.963250692351721e-001,1.028301e-07
1.968133504851721e-001,4.098121e-08
1.973016317351721e-001,1.530305e-08
1.977899129851721e-001,5.383218e-09
1.982781942351721e-001,1.78567e-09
1.987664754851721e-001,5.503324e-10
1.992547567351721e-001,1.474251e-10
1.997430379851721e-001,2.987512e-11
2.002313192351721e-001,2.748251e-11
2.007196004851721e-001,1.367159e-10
2.012078817351721e-001,5.161906e-10
2.016961629851721e-001,1.683465e-09
2.021844442351721e-001,5.092377e-09
2.026727254851721e-001,1.452203e-08
2.031610067351721e-001,3.901972e-08
2.036492879851721e-001,9.826395e-08
2.041375692351721e-001,2.30468e-07
2.046258504851721e-001,5.011673e-07
2.051141317351721e-001,1.003142e-06
2.056024129851721e-001,1.836842e-06
2.060906942351721e-001,3.065318e-06
2.065789754851721e-001,4.64668e-06
2.070672567351721e-001,6.379798e-06
2.075555379851721e-001,7.91618e-06
2.080438192351721e-001,8.863955e-06
2.085321004851721e-001,8.949708e-06
2.090203817351721e-001,8.147628e-06
2.095086629851721e-001,6.69224e-06
2.099969442351721e-001,4.96608e-06
2.104852254851721e-001,3.336201e-06
2.109735067351721e-001,2.034674e-06
2.114617879851721e-001,1.12992e-06
2.119500692351721e-001,5.732912e-07
2.124383504851721e-001,2.674715e-07
2.129266317351721e-001,1.156399e-07
2.134149129851721e-001,4.651025e-08
2.139031942351721e-001,1.751293e-08
2.143914754851721e-001,6.2085e-09
2.148797567351721e-001,2.076251e-09
2.153680379851721e-001,6.475471e-10
2.158563192351721e-001,1.78088e-10
2.163446004851721e-001,3.728008e-11
2.168328817351721e-001,2.25987e-11
2.173211629851721e-001,1.122707e-10
2.178094442351721e-001,4.37253e-10
2.182977254851721e-001,1.445295e-09
2.187860067351721e-001,4.40907e-09
2.192742879851721e-001,1.267075e-08
2.197625692351721e-001,3.432558e-08
2.202508504851721e-001,8.722426e-08
2.207391317351721e-001,2.066009e-07
2.212274129851721e-001,4.540675e-07
2.217156942351721e-001,9.19232e-07
2.222039754851721e-001,1.703514e-06
2.226922567351721e-001,2.878736e-06
2.231805379851721e-001,4.420934e-06
2.236688192351721e-001,6.151397e-06
2.241571004851721e-001,7.737257e-06
2.246453817351721e-001,8.783571e-06
2.251336629851721e-001,8.991899e-06
2.256219442351721e-001,8.299636e-06
2.261102254851721e-001,6.910826e-06
2.265985067351721e-001,5.19765e-06
2.270867879851721e-001,3.53788e-06
2.275750692351721e-001,2.185265e-06
2.280633504851721e-001,1.228419e-06
2.285516317351721e-001,6.30509e-07
2.290399129851721e-001,2.973833e-07
2.295281942351721e-001,1.298785e-07
2.300164754851721e-001,5.272346e-08
2.305047567351721e-001,2.002055e-08
2.309930379851721e-001,7.152996e-09
2.314813192351721e-001,2.411257e-09
2.319696004851721e-001,7.60362e-10
2.324578817351721e-001,2.140471e-10
2.329461629851721e-001,4.670112e-11
2.334344442351721e-001,1.937983e-11
2.339227254851721e-001,9.160701e-11
2.344110067351721e-001,3.693901e-10
2.348992879851721e-001,1.239152e-09
2.353875692351721e-001,3.813491e-09
2.358758504851721e-001,1.104395e-08
2.363641317351721e-001,3.016186e-08
2.368524129851721e-001,7.732815e-08
2.373406942351721e-001,1.849534e-07
2.378289754851721e-001,4.101105e-07
2.383172567351721e-001,8.39668e-07
2.388055379851721e-001,1.576602e-06
2.392938192351721e-001,2.698915e-06
2.397821004851721e-001,4.198778e-06
2.402703817351721e-001,5.920531e-06
2.407586629851721e-001,7.548599e-06
2.412469442351721e-001,8.687924e-06
2.417352254851721e-001,9.017665e-06
2.422235067351721e-001,8.439001e-06
2.427117879851721e-001,7.123644e-06
2.432000692351721e-001,5.430369e-06
2.436883504851721e-001,3.745275e-06
2.441766317351721e-001,2.343092e-06
2.446649129851721e-001,1.334091e-06
2.451531942351721e-001,6.938179e-07
2.456414754851721e-001,3.308872e-07
2.461297567351721e-001,1.456808e-07
2.466180379851721e-001,5.969582e-08
2.471063192351721e-001,2.286253e-08
2.475946004851721e-001,8.232773e-09
2.480828817351721e-001,2.797127e-09
2.485711629851721e-001,8.911644e-10
2.490594442351721e-001,2.561203e-10
2.495477254851721e-001,5.836254e-11
2.505242879851721e-001,7.424301e-11
2.510125692351721e-001,3.111132e-10
2.515008504851721e-001,1.060882e-09
2.519891317351721e-001,3.294893e-09
2.524774129851721e-001,9.616065e-09
2.529656942351721e-001,2.647349e-08
2.534539754851721e-001,6.847024e-08
2.539422567351721e-001,1.653513e-07
2.544305379851721e-001,3.704956e-07
2.549188192351721e-001,7.670824e-07
2.554071004851721e-001,1.457428e-06
2.558953817351721e-001,2.526044e-06
2.563836629851721e-001,3.980819e-06
2.568719442351721e-001,5.688131e-06
2.573602254851721e-001,7.351142e-06
2.578485067351721e-001,8.577538e-06
2.583367879851721e-001,9.026859e-06
2.588250692351721e-001,8.564982e-06
2.593133504851721e-001,7.32971e-06
2.598016317351721e-001,5.663415e-06
2.602899129851721e-001,3.957956e-06
2.607781942351721e-001,2.508112e-06
2.612664754851721e-001,1.445783e-06
2.617547567351721e-001,7.607903e-07
2.622430379851721e-001,3.668581e-07
2.627313192351721e-001,1.631908e-07
2.632196004851721e-001,6.750906e-08
2.637078817351721e-001,2.607945e-08
2.641961629851721e-001,9.465865e-09
2.646844442351721e-001,3.24117e-09
2.651727254851721e-001,1.042691e-09
2.656610067351721e-001,3.052568e-10
2.661492879851721e-001,7.254081e-11
2.671258504851721e-001,5.977129e-11
2.676141317351721e-001,2.611318e-10
2.681024129851721e-001,9.068515e-10
2.685906942351721e-001,2.843767e-09
2.690789754851721e-001,8.364188e-09
2.695672567351721e-001,2.321042e-08
2.700555379851721e-001,6.055313e-08
2.705438192351721e-001,1.476299e-07
2.710321004851721e-001,3.342264e-07
2.715203817351721e-001,6.99698e-07
2.720086629851721e-001,1.345088e-06
2.724969442351721e-001,2.360265e-06
2.729852254851721e-001,3.767604e-06
2.734735067351721e-001,5.455101e-06
2.739617879851721e-001,7.145851e-06
2.744500692351721e-001,8.453018e-06
2.749383504851721e-001,9.019428e-06
2.754266317351721e-001,8.676898e-06
2.759149129851721e-001,7.528043e-06
2.764031942351721e-001,5.895924e-06
2.768914754851721e-001,4.175438e-06
2.773797567351721e-001,2.680236e-06
2.778680379851721e-001,1.564299e-06
2.783563192351721e-001,8.329505e-07
2.788446004851721e-001,4.061554e-07
2.793328817351721e-001,1.825625e-07
2.798211629851721e-001,7.625207e-08
2.803094442351721e-001,2.971612e-08
2.807977254851721e-001,1.087248e-08
2.812860067351721e-001,3.751667e-09
2.817742879851721e-001,1.218073e-09
2.822625692351721e-001,3.625556e-10
2.827508504851721e-001,8.957048e-11
2.832391317351721e-001,1.912838e-11
2.837274129851721e-001,4.785047e-11
2.842156942351721e-001,2.183286e-10
2.847039754851721e-001,7.738775e-10
2.851922567351721e-001,2.451708e-09
2.856805379851721e-001,7.267849e-09
2.861688192351721e-001,2.032729e-08
2.866571004851721e-001,5.348703e-08
2.871453817351721e-001,1.316342e-07
2.876336629851721e-001,3.010786e-07
2.881219442351721e-001,6.372627e-07
2.886102254851721e-001,1.239415e-06
2.890985067351721e-001,2.201672e-06
2.895867879851721e-001,3.559626e-06
2.900750692351721e-001,5.222308e-06
2.905633504851721e-001,6.933702e-06
2.910516317351721e-001,8.315039e-06
2.915399129851721e-001,8.995417e-06
2.920281942351721e-001,8.774136e-06
2.925164754851721e-001,7.717681e-06
2.930047567351721e-001,6.126997e-06
2.934930379851721e-001,4.397176e-06
2.939813192351721e-001,2.859328e-06
2.944696004851721e-001,1.689783e-06
2.949578817351721e-001,9.105486e-07
2.954461629851721e-001,4.490106e-07
2.959344442351721e-001,2.039594e-07
2.964227254851721e-001,8.602134e-08
2.969110067351721e-001,3.382201e-08
2.973992879851721e-001,1.247521e-08
2.978875692351721e-001,4.337996e-09
2.983758504851721e-001,1.420893e-09
2.988641317351721e-001,4.292865e-10
2.993524129851721e-001,1.098512e-10
2.998406942351721e-001,2.217275e-11
3.003289754851721e-001,3.819791e-11
3.008172567351721e-001,1.817387e-10
3.013055379851721e-001,6.591814e-10
3.017938192351721e-001,2.111302e-09
3.022821004851721e-001,6.308768e-09
3.027703817351721e-001,1.778305e-08
3.032586629851721e-001,4.718937e-08
3.037469442351721e-001,1.172189e-07
3.042352254851721e-001,2.70836e-07
3.047235067351721e-001,5.795235e-07
3.052117879851721e-001,1.140225e-06
3.057000692351721e-001,2.050313e-06
3.061883504851721e-001,3.357322e-06
3.066766317351721e-001,4.990578e-06
3.071649129851721e-001,6.715682e-06
3.076531942351721e-001,8.164337e-06
3.081414754851721e-001,8.954959e-06
3.086297567351721e-001,8.856163e-06
3.091180379851721e-001,7.897681e-06
3.096063192351721e-001,6.355704e-06
3.100946004851721e-001,4.622571e-06
3.105828817351721e-001,3.045203e-06
3.110711629851721e-001,1.822353e-06
3.115594442351721e-001,9.938292e-07
3.120477254851721e-001,4.956619e-07
3.125360067351721e-001,2.275545e-07
3.130242879851721e-001,9.692124e-08
3.135125692351721e-001,3.845157e-08
3.140008504851721e-001,1.429931e-08
3.144891317351721e-001,5.010751e-09
3.149774129851721e-001,1.655241e-09
3.154656942351721e-001,5.069144e-10
3.159539754851721e-001,1.338559e-10
3.164422567351721e-001,2.687163e-11
3.169305379851721e-001,3.058379e-11
3.174188192351721e-001,1.505299e-10
3.179071004851721e-001,5.603386e-10
3.183953817351721e-001,1.816014e-09
3.188836629851721e-001,5.47066e-09
3.193719442351721e-001,1.554064e-08
3.198602254851721e-001,4.158438e-08
3.203485067351721e-001,1.042479e-07
3.208367879851721e-001,2.432911e-07
3.213250692351721e-001,5.262274e-07
3.218133504851721e-001,1.047312e-06
3.223016317351721e-001,1.906194e-06
3.227899129851721e-001,3.161071e-06
3.232781942351721e-001,4.760696e-06
3.237664754851721e-001,6.492776e-06
3.242547567351721e-001,8.001706e-06
3.247430379851721e-001,8.898281e-06
3.252313192351721e-001,8.922521e-06
3.257196004851721e-001,8.067133e-06
3.262078817351721e-001,6.581094e-06
3.266961629851721e-001,4.850972e-06
3.271844442351721e-001,3.237624e-06
3.276727254851721e-001,1.962095e-06
3.281610067351721e-001,1.083029e-06
3.286492879851721e-001,5.463531e-07
3.291375692351721e-001,2.535307e-07
3.296258504851721e-001,1.090645e-07
3.301141317351721e-001,4.366464e-08
3.306024129851721e-001,1.637291e-08
3.310906942351721e-001,5.78189e-09
3.315789754851721e-001,1.925778e-09
3.320672567351721e-001,5.971265e-10
3.325555379851721e-001,1.62141e-10
3.330438192351721e-001,3.333771e-11
3.335321004851721e-001,2.482612e-11
3.340203817351721e-001,1.239873e-10
3.345086629851721e-001,4.75236e-10
3.349969442351721e-001,1.560095e-09
3.354852254851721e-001,4.739034e-09
3.359735067351721e-001,1.356662e-08
3.364617879851721e-001,3.66027e-08
3.369500692351721e-001,9.259426e-08
3.374383504851721e-001,2.182457e-07
3.379266317351721e-001,4.771242e-07
3.384149129851721e-001,9.604586e-07
3.389031942351721e-001,1.769285e-06
3.393914754851721e-001,2.971196e-06
3.398797567351721e-001,4.533398e-06
3.403680379851721e-001,6.265966e-06
3.408563192351721e-001,7.827994e-06
3.413446004851721e-001,8.825701e-06
3.418328817351721e-001,8.972845e-06
3.423211629851721e-001,8.225164e-06
3.428094442351721e-001,6.802192e-06
3.432977254851721e-001,5.081672e-06
3.437860067351721e-001,3.436302e-06
3.442742879851721e-001,2.109064e-06
3.447625692351721e-001,1.178375e-06
3.452508504851721e-001,6.013327e-07
3.457391317351721e-001,2.820806e-07
3.462274129851721e-001,1.225724e-07
3.467156942351721e-001,4.95268e-08
3.472039754851721e-001,1.872732e-08
3.476922567351721e-001,6.664886e-09
3.481805379851721e-001,2.237817e-09
3.486688192351721e-001,7.018629e-10
3.491571004851721e-001,1.953573e-10
3.496453817351721e-001,4.172573e-11
3.501336629851721e-001,2.078689e-11
3.506219442351721e-001,1.014981e-10
3.511102254851721e-001,4.020352e-10
3.515985067351721e-001,1.338492e-09
3.520867879851721e-001,4.101016e-09
3.525750692351721e-001,1.183096e-08
3.530633504851721e-001,3.218098e-08
3.535516317351721e-001,8.214003e-08
3.540399129851721e-001,1.955108e-07
3.545281942351721e-001,4.312448e-07
3.550164754851721e-001,8.77989e-07
3.555047567351721e-001,1.638796e-06
3.559930379851721e-001,2.787967e-06
3.564813192351721e-001,4.309368e-06
3.569696004851721e-001,6.036214e-06
3.574578817351721e-001,7.644087e-06
3.579461629851721e-001,8.737625e-06
3.584344442351721e-001,9.006847e-06
3.589227254851721e-001,8.370946e-06
3.594110067351721e-001,7.018017e-06
3.598992879851721e-001,5.313917e-06
3.603875692351721e-001,3.640889e-06
3.608758504851721e-001,2.263276e-06
3.613641317351721e-001,1.280079e-06
3.618524129851721e-001,6.608519e-07
3.623406942351721e-001,3.134058e-07
3.628289754851721e-001,1.375754e-07
3.633172567351721e-001,5.61098e-08
3.638055379851721e-001,2.139731e-08
3.642938192351721e-001,7.674895e-09
3.647821004851721e-001,2.597399e-09
3.652703817351721e-001,8.233525e-10
3.657586629851721e-001,2.342634e-10
3.662469442351721e-001,5.223579e-11
3.672235067351721e-001,8.253965e-11
3.677117879851721e-001,3.391384e-10
3.682000692351721e-001,1.146771e-09
3.686883504851721e-001,3.545191e-09
3.691766317351721e-001,1.030664e-08
3.696649129851721e-001,2.82615e-08
3.701531942351721e-001,7.277569e-08
3.706414754851721e-001,1.749072e-07
3.711297567351721e-001,3.898705e-07
3.716180379851721e-001,8.027094e-07
3.721063192351721e-001,1.516152e-06
3.725946004851721e-001,2.6116e-06
3.730828817351721e-001,4.089238e-06
3.735711629851721e-001,5.804466e-06
3.740594442351721e-001,7.45091e-06
3.745477254851721e-001,8.634537e-06
3.750360067351721e-001,9.024339e-06
3.755242879851721e-001,8.503709e-06
3.760125692351721e-001,7.227583e-06
3.765008504851721e-001,5.546905e-06
3.769891317351721e-001,3.850984e-06
3.774774129851721e-001,2.424707e-06
3.779656942351721e-001,1.389094e-06
3.784539754851721e-001,7.266714e-07
3.789422567351721e-001,3.48471e-07
3.794305379851721e-001,1.542129e-07
3.799188192351721e-001,6.349194e-08
3.804071004851721e-001,2.442143e-08
3.808953817351721e-001,8.828946e-09
3.813836629851721e-001,3.011383e-09
3.818719442351721e-001,9.641512e-10
3.823602254851721e-001,2.797407e-10
3.828485067351721e-001,6.51176e-11
3.838250692351721e-001,6.666841e-11
3.843133504851721e-001,2.851592e-10
3.848016317351721e-001,9.810461e-10
3.852899129851721e-001,3.061446e-09
3.857781942351721e-001,8.969459e-09
3.862664754851721e-001,2.479173e-08
3.867547567351721e-001,6.439987e-08
3.872430379851721e-001,1.562654e-07
3.877313192351721e-001,3.519569e-07
3.882196004851721e-001,7.327558e-07
3.887078817351721e-001,1.400414e-06
3.891961629851721e-001,2.442261e-06
3.896844442351721e-001,3.873586e-06
3.901727254851721e-001,5.57164e-06
3.906610067351721e-001,7.249415e-06
3.911492879851721e-001,8.517005e-06
3.916375692351721e-001,9.025222e-06
3.921258504851721e-001,8.622738e-06
3.926141317351721e-001,7.429904e-06
3.931024129851721e-001,5.779792e-06
3.935906942351721e-001,4.06613e-06
3.940789754851721e-001,2.593293e-06
3.945672567351721e-001,1.504178e-06
3.950555379851721e-001,7.962062e-07
3.955438192351721e-001,3.860766e-07
3.960321004851721e-001,1.72634e-07
3.965203817351721e-001,7.175849e-08
3.970086629851721e-001,2.784233e-08
3.974969442351721e-001,1.014613e-08
3.979852254851721e-001,3.487552e-09
3.984735067351721e-001,1.127187e-09
3.989617879851721e-001,3.328108e-10
3.994500692351721e-001,8.067586e-11
4.004266317351721e-001,5.351098e-11
4.009149129851721e-001,2.388966e-10
4.014031942351721e-001,8.37915e-10
4.018914754851721e-001,2.640839e-09
4.023797567351721e-001,7.797768e-09
4.028680379851721e-001,2.172402e-08
4.033563192351721e-001,5.691903e-08
4.038446004851721e-001,1.394257e-07
4.043328817351721e-001,3.17276e-07
4.048211629851721e-001,6.678775e-07
4.053094442351721e-001,1.291429e-06
4.057977254851721e-001,2.280066e-06
4.062860067351721e-001,3.662932e-06
4.067742879851721e-001,5.338622e-06
4.072625692351721e-001,7.040572e-06
4.077508504851721e-001,8.385667e-06
4.082391317351721e-001,9.009489e-06
4.087274129851721e-001,8.727387e-06
4.092156942351721e-001,7.624009e-06
4.097039754851721e-001,6.011697e-06
4.101922567351721e-001,4.285811e-06
4.106805379851721e-001,2.768921e-06
4.111688192351721e-001,1.626162e-06
4.116571004851721e-001,8.710544e-07
4.121453817351721e-001,4.271235e-07
4.126336629851721e-001,1.929972e-07
4.131219442351721e-001,8.100209e-08
4.136102254851721e-001,3.170712e-08
4.140985067351721e-001,1.164782e-08
4.145867879851721e-001,4.034721e-09
4.150750692351721e-001,1.315811e-09
4.155633504851721e-001,3.946554e-10
4.160516317351721e-001,9.92767e-11
4.165399129851721e-001,2.044923e-11
4.170281942351721e-001,4.275619e-11
4.175164754851721e-001,1.993119e-10
4.180047567351721e-001,7.144041e-10
4.184930379851721e-001,2.275476e-09
4.189813192351721e-001,6.772213e-09
4.194696004851721e-001,1.901521e-08
4.199578817351721e-001,5.024703e-08
4.204461629851721e-001,1.242377e-07
4.209344442351721e-001,2.856073e-07
4.214227254851721e-001,6.078219e-07
4.219110067351721e-001,1.189022e-06
4.223992879851721e-001,2.125086e-06
4.228875692351721e-001,3.45774e-06
4.233758504851721e-001,5.10626e-06
4.238641317351721e-001,6.825364e-06
4.243524129851721e-001,8.24123e-06
4.248406942351721e-001,8.977231e-06
4.253289754851721e-001,8.817082e-06
4.258172567351721e-001,7.808943e-06
4.263055379851721e-001,6.241705e-06
4.267938192351721e-001,4.509456e-06
4.272821004851721e-001,2.951431e-06
4.277703817351721e-001,1.755176e-06
4.282586629851721e-001,9.514636e-07
4.287469442351721e-001,4.718466e-07
4.292352254851721e-001,2.154709e-07
4.297235067351721e-001,9.132311e-08
4.302117879851721e-001,3.606772e-08
4.307000692351721e-001,1.335791e-08
4.311883504851721e-001,4.662857e-09
4.316766317351721e-001,1.533849e-09
4.321649129851721e-001,4.666385e-10
4.326531942351721e-001,1.213553e-10
4.331414754851721e-001,2.430929e-11
4.336297567351721e-001,3.414849e-11
4.341180379851721e-001,1.655089e-10
4.346063192351721e-001,6.079173e-10
4.350946004851721e-001,1.958395e-09
4.355828817351721e-001,5.875538e-09
4.360711629851721e-001,1.662629e-08
4.365594442351721e-001,4.430477e-08
4.370477254851721e-001,1.10561e-07
4.375360067351721e-001,2.56739e-07
4.380242879851721e-001,5.523357e-07
4.385125692351721e-001,1.092997e-06
4.390008504851721e-001,1.977349e-06
4.394891317351721e-001,3.258418e-06
4.399774129851721e-001,4.875359e-06
4.404656942351721e-001,6.604778e-06
4.409539754851721e-001,8.08446e-06
4.414422567351721e-001,8.928629e-06
4.419305379851721e-001,8.891326e-06
4.424188192351721e-001,7.983781e-06
4.429071004851721e-001,6.468874e-06
4.433953817351721e-001,4.736439e-06
4.438836629851721e-001,3.140612e-06
4.443719442351721e-001,1.891323e-06
4.448602254851721e-001,1.037675e-06
4.453485067351721e-001,5.204871e-07
4.458367879851721e-001,2.402331e-07
4.463250692351721e-001,1.028301e-07
4.468133504851721e-001,4.098121e-08
4.473016317351721e-001,1.530305e-08
4.477899129851721e-001,5.383218e-09
4.482781942351721e-001,1.78567e-09
4.487664754851721e-001,5.503324e-10
4.492547567351721e-001,1.474251e-10
4.497430379851721e-001,2.987512e-11
4.502313192351721e-001,2.748251e-11
4.507196004851721e-001,1.367159e-10
4.512078817351721e-001,5.161906e-10
4.516961629851721e-001,1.683465e-09
4.521844442351721e-001,5.092377e-09
4.526727254851721e-001,1.452203e-08
4.531610067351721e-001,3.901972e-08
4.536492879851721e-001,9.826395e-08
4.541375692351721e-001,2.30468e-07
4.546258504851721e-001,5.011673e-07
4.551141317351721e-001,1.003142e-06
4.556024129851721e-001,1.836842e-06
4.560906942351721e-001,3.065318e-06
4.565789754851721e-001,4.64668e-06
4.570672567351721e-001,6.379798e-06
4.575555379851721e-001,7.91618e-06
4.580438192351721e-001,8.863955e-06
4.585321004851721e-001,8.949708e-06
4.590203817351721e-001,8.147628e-06
4.595086629851721e-001,6.69224e-06
4.599969442351721e-001,4.96608e-06
4.604852254851721e-001,3.336201e-06
4.609735067351721e-001,2.034674e-06
4.614617879851721e-001,1.12992e-06
4.619500692351721e-001,5.732912e-07
4.624383504851721e-001,2.674715e-07
4.629266317351721e-001,1.156399e-07
4.634149129851721e-001,4.651025e-08
4.639031942351721e-001,1.751293e-08
4.643914754851721e-001,6.2085e-09
4.648797567351721e-001,2.076251e-09
4.653680379851721e-001,6.475471e-10
4.658563192351721e-001,1.78088e-10
4.663446004851721e-001,3.728008e-11
4.668328817351721e-001,2.25987e-11
4.673211629851721e-001,1.122707e-10
4.678094442351721e-001,4.37253e-10
4.682977254851721e-001,1.445295e-09
4.687860067351721e-001,4.40907e-09
4.692742879851721e-001,1.267075e-08
4.697625692351721e-001,3.432558e-08
4.702508504851721e-001,8.722426e-08
4.707391317351721e-001,2.066009e-07
4.712274129851721e-001,4.540675e-07
4.717156942351721e-001,9.19232e-07
4.722039754851721e-001,1.703514e-06
4.726922567351721e-001,2.878736e-06
4.731805379851721e-001,4.420934e-06
4.736688192351721e-001,6.151397e-06
4.741571004851721e-001,7.737257e-06
4.746453817351721e-001,8.783571e-06
4.751336629851721e-001,8.991899e-06
4.756219442351721e-001,8.299636e-06
4.761102254851721e-001,6.910826e-06
4.765985067351721e-001,5.19765e-06
4.770867879851721e-001,3.53788e-06
4.775750692351721e-001,2.185265e-06
4.780633504851721e-001,1.228419e-06
4.785516317351721e-001,6.30509e-07
4.790399129851721e-001,2.973833e-07
4.795281942351721e-001,1.298785e-07
4.800164754851721e-001,5.272346e-08
4.805047567351721e-001,2.002055e-08
4.809930379851721e-001,7.152996e-09
4.814813192351721e-001,2.411257e-09
4.819696004851721e-001,7.60362e-10
4.824578817351721e-001,2.140471e-10
4.829461629851721e-001,4.670112e-11
4.834344442351721e-001,1.937983e-11
4.839227254851721e-001,9.160701e-11
4.844110067351721e-001,3.693901e-10
4.848992879851721e-001,1.239152e-09
4.853875692351721e-001,3.813491e-09
4.858758504851721e-001,1.104395e-08
4.863641317351721e-001,3.016186e-08
4.868524129851721e-001,7.732815e-08
4.873406942351721e-001,1.849534e-07
4.878289754851721e-001,4.101105e-07
4.883172567351721e-001,8.39668e-07
4.888055379851721e-001,1.576602e-06
4.892938192351721e-001,2.698915e-06
4.897821004851721e-001,4.198778e-06
4.902703817351721e-001,5.920531e-06
4.907586629851721e-001,7.548599e-06
4.912469442351721e-001,8.687924e-06
4.917352254851721e-001,9.017665e-06
4.922235067351721e-001,8.439001e-06
4.927117879851721e-001,7.123644e-06
4.932000692351721e-001,5.430369e-06
4.936883504851721e-001,3.745275e-06
4.941766317351721e-001,2.343092e-06
4.946649129851721e-001,1.334091e-06
4.951531942351721e-001,6.938179e-07
4.956414754851721e-001,3.308872e-07
4.961297567351721e-001,1.456808e-07
4.966180379851721e-001,5.969582e-08
4.971063192351721e-001,2.286253e-08
4.975946004851721e-001,8.232773e-09
4.980828817351721e-001,2.797127e-09
4.985711629851721e-001,8.911644e-10
4.990594442351721e-001,2.561203e-10
4.995477254851721e-001,5.665339e-11
5.000000000000000e-001,-1.608014e-15
