0.000000000000000e+000,0.0
5.242879851721227e-004,4.215383e-11
1.012569235172123e-003,1.940433e-10
1.500850485172123e-003,5.886667e-10
1.989131735172123e-003,1.605306e-09
2.477412985172123e-003,4.102095e-09
2.965694235172123e-003,9.920096e-09
3.453975485172123e-003,2.268613e-08
3.942256735172123e-003,4.885658e-08
4.430537985172123e-003,9.85838e-08
4.918819235172123e-003,1.85451e-07
5.407100485172123e-003,3.237331e-07
5.895381735172123e-003,5.222836e-07
6.383662985172123e-003,7.771308e-07
6.871944235172123e-003,1.06259e-06
7.360225485172123e-003,1.329794e-06
7.848506735172123e-003,1.521318e-06
8.336787985172123e-003,1.590594e-06
8.825069235172123e-003,1.519376e-06
9.313350485172123e-003,1.326412e-06
9.801631735172123e-003,1.059298e-06
1.028991298517212e-002,7.746183e-07
1.077819423517212e-002,5.195457e-07
1.126647548517212e-002,3.211155e-07
1.175475673517212e-002,1.837403e-07
1.224303798517212e-002,9.757095e-08
1.273131923517212e-002,4.830808e-08
1.321960048517212e-002,2.24121e-08
1.370788173517212e-002,9.79275e-09
1.419616298517212e-002,4.0466e-09
1.468444423517212e-002,1.582447e-09
1.517272548517212e-002,5.79702e-10
1.566100673517212e-002,1.906987e-10
1.614928798517212e-002,4.961545e-11
1.712585048517212e-002,4.124465e-11
1.761413173517212e-002,1.651428e-10
1.810241298517212e-002,5.11635e-10
1.859069423517212e-002,1.410227e-09
1.907897548517212e-002,3.631513e-09
1.956725673517212e-002,8.846131e-09
2.005553798517212e-002,2.038552e-08
2.054381923517212e-002,4.426766e-08
2.103210048517212e-002,9.012977e-08
2.152038173517212e-002,1.711881e-07
2.200866298517212e-002,3.019035e-07
2.249694423517212e-002,4.923182e-07
2.298522548517212e-002,7.407613e-07
2.347350673517212e-002,1.024557e-06
2.396178798517212e-002,1.297352e-06
2.445006923517212e-002,1.502039e-06
2.493835048517212e-002,1.589452e-06
2.542663173517212e-002,1.536676e-06
2.591491298517212e-002,1.357656e-06
2.640319423517212e-002,1.097114e-06
2.689147548517212e-002,8.115728e-07
2.737975673517212e-002,5.50453e-07
2.786803798517212e-002,3.439065e-07
2.835631923517212e-002,1.988139e-07
2.884460048517212e-002,1.066044e-07
2.933288173517212e-002,5.326068e-08
2.982116298517212e-002,2.491755e-08
3.030944423517212e-002,1.097185e-08
3.079772548517212e-002,4.566973e-09
3.128600673517212e-002,1.799526e-09
3.177428798517212e-002,6.659081e-10
3.226256923517212e-002,2.232809e-10
3.275085048517212e-002,6.063081e-11
3.372741298517212e-002,3.333974e-11
3.421569423517212e-002,1.399305e-10
3.470397548517212e-002,4.438193e-10
3.519225673517212e-002,1.237415e-09
3.568053798517212e-002,3.21179e-09
3.616881923517212e-002,7.880697e-09
3.665710048517212e-002,1.829891e-08
3.714538173517212e-002,4.006384e-08
3.763366298517212e-002,8.229893e-08
3.812194423517212e-002,1.578138e-07
3.861022548517212e-002,2.811539e-07
3.909850673517212e-002,4.633965e-07
3.958678798517212e-002,7.050286e-07
4.007506923517212e-002,9.863538e-07
4.056335048517212e-002,1.263703e-06
4.105163173517212e-002,1.480634e-06
4.153991298517212e-002,1.585761e-06
4.202819423517212e-002,1.551685e-06
4.251647548517212e-002,1.387433e-06
4.300475673517212e-002,1.134509e-06
4.349303798517212e-002,8.489975e-07
4.398131923517212e-002,5.823416e-07
4.446960048517212e-002,3.677961e-07
4.495788173517212e-002,2.148365e-07
4.544616298517212e-002,1.163278e-07
4.593444423517212e-002,5.865247e-08
4.642272548517212e-002,2.767326e-08
4.691100673517212e-002,1.228068e-08
4.739928798517212e-002,5.149299e-09
4.788756923517212e-002,2.044172e-09
4.837585048517212e-002,7.636721e-10
4.886413173517212e-002,2.605096e-10
4.935241298517212e-002,7.355568e-11
4.984069423517212e-002,1.596157e-11
5.032897548517212e-002,2.686674e-11
5.081725673517212e-002,1.179832e-10
5.130553798517212e-002,3.84169e-10
5.179381923517212e-002,1.084456e-09
5.228210048517212e-002,2.837792e-09
5.277038173517212e-002,7.013787e-09
5.325866298517212e-002,1.640874e-08
5.374694423517212e-002,3.621816e-08
5.423522548517212e-002,7.505653e-08
5.472350673517212e-002,1.452941e-07
5.521178798517212e-002,2.614682e-07
5.570006923517212e-002,4.355422e-07
5.618835048517212e-002,6.700113e-07
5.667663173517212e-002,9.481074e-07
5.716491298517212e-002,1.228985e-06
5.765319423517212e-002,1.457204e-06
5.814147548517212e-002,1.579539e-06
5.862975673517212e-002,1.564329e-06
5.911803798517212e-002,1.41561e-06
5.960631923517212e-002,1.171345e-06
6.009460048517212e-002,8.867925e-07
6.058288173517212e-002,6.151672e-07
6.107116298517212e-002,3.927877e-07
6.155944423517212e-002,2.318374e-07
6.204772548517212e-002,1.267773e-07
6.253600673517212e-002,6.451389e-08
6.302428798517212e-002,3.07003e-08
6.351256923517212e-002,1.373183e-08
6.400085048517212e-002,5.800292e-09
6.448913173517212e-002,2.319641e-09
6.497741298517212e-002,8.744526e-10
6.546569423517212e-002,3.029912e-10
6.595397548517212e-002,8.861405e-11
6.644225673517212e-002,1.918149e-11
6.693053798517212e-002,2.171117e-11
6.741881923517212e-002,9.893023e-11
6.790710048517212e-002,3.317493e-10
6.839538173517212e-002,9.491823e-10
6.888366298517212e-002,2.504851e-09
6.937194423517212e-002,6.236191e-09
6.986022548517212e-002,1.469863e-08
7.034850673517212e-002,3.270494e-08
7.083678798517212e-002,6.836854e-08
7.132506923517212e-002,1.335941e-07
7.181335048517212e-002,2.428269e-07
7.230163173517212e-002,4.087728e-07
7.278991298517212e-002,6.357809e-07
7.327819423517212e-002,9.099402e-07
7.376647548517212e-002,1.193341e-06
7.425475673517212e-002,1.431857e-06
7.474303798517212e-002,1.570816e-06
7.523131923517212e-002,1.574547e-06
7.571960048517212e-002,1.442062e-06
7.620788173517212e-002,1.207482e-06
7.669616298517212e-002,9.248511e-07
7.718444423517212e-002,6.488783e-07
7.767272548517212e-002,4.18879e-07
7.816100673517212e-002,2.49844e-07
7.864928798517212e-002,1.379886e-07
7.913756923517212e-002,7.08765e-08
7.962585048517212e-002,3.402099e-08
8.011413173517212e-002,1.533888e-08
8.060241298517212e-002,6.527293e-09
8.109069423517212e-002,2.629537e-09
8.157897548517212e-002,9.998802e-10
8.206725673517212e-002,3.514108e-10
8.255553798517212e-002,1.060652e-10
8.304381923517212e-002,2.358217e-11
8.353210048517212e-002,1.778152e-11
8.402038173517212e-002,8.244736e-11
8.450866298517212e-002,2.857293e-10
8.499694423517212e-002,8.296481e-10
8.548522548517212e-002,2.208737e-09
8.597350673517212e-002,5.539453e-09
8.646178798517212e-002,1.31533e-08
8.695006923517212e-002,2.949978e-08
8.743835048517212e-002,6.220179e-08
8.792663173517212e-002,1.226783e-07
8.841491298517212e-002,2.252069e-07
8.890319423517212e-002,3.830994e-07
8.939147548517212e-002,6.024009e-07
8.987975673517212e-002,8.719687e-07
9.036803798517212e-002,1.156912e-06
9.085631923517212e-002,1.404711e-06
9.134460048517212e-002,1.559635e-06
9.183288173517212e-002,1.58229e-06
9.232116298517212e-002,1.466667e-06
9.280944423517212e-002,1.242778e-06
9.329772548517212e-002,9.637922e-07
9.378600673517212e-002,6.848799e-07
9.427428798517212e-002,4.467948e-07
9.476256923517212e-002,2.68881e-07
9.525085048517212e-002,1.499977e-07
9.573913173517212e-002,7.777288e-08
9.622741298517212e-002,3.76589e-08
9.671569423517212e-002,1.711643e-08
9.720397548517212e-002,7.33832e-09
9.769225673517212e-002,2.977844e-09
9.818053798517212e-002,1.141775e-09
9.866881923517212e-002,4.065409e-10
9.915710048517212e-002,1.262073e-10
9.964538173517212e-002,2.92418e-11
1.001336629851721e-001,1.500784e-11
1.006219442351721e-001,6.825188e-11
1.011102254851721e-001,2.453715e-10
1.015985067351721e-001,7.241083e-10
1.020867879851721e-001,1.945617e-09
1.025750692351721e-001,4.915822e-09
1.030633504851721e-001,1.175853e-08
1.035516317351721e-001,2.657958e-08
1.040399129851721e-001,5.652407e-08
1.045281942351721e-001,1.125108e-07
1.050164754851721e-001,2.085827e-07
1.055047567351721e-001,3.585274e-07
1.059930379851721e-001,5.699274e-07
1.064813192351721e-001,8.343036e-07
1.069696004851721e-001,1.11984e-06
1.074578817351721e-001,1.375888e-06
1.079461629851721e-001,1.546052e-06
1.084344442351721e-001,1.587518e-06
1.089227254851721e-001,1.489313e-06
1.094110067351721e-001,1.277092e-06
1.098992879851721e-001,1.002079e-06
1.103875692351721e-001,7.20269e-07
1.108758504851721e-001,4.751031e-07
1.113641317351721e-001,2.889701e-07
1.118524129851721e-001,1.628398e-07
1.123406942351721e-001,8.523654e-08
1.128289754851721e-001,4.163895e-08
1.133172567351721e-001,1.908019e-08
1.138055379851721e-001,8.24211e-09
1.142938192351721e-001,3.368955e-09
1.147821004851721e-001,1.302167e-09
1.152703817351721e-001,4.692514e-10
1.157586629851721e-001,1.493823e-10
1.162469442351721e-001,3.626067e-11
1.172235067351721e-001,5.609868e-11
1.177117879851721e-001,2.100222e-10
1.182000692351721e-001,6.310006e-10
1.186883504851721e-001,1.712022e-09
1.191766317351721e-001,4.3582e-09
1.196649129851721e-001,1.050114e-08
1.201531942351721e-001,2.392249e-08
1.206414754851721e-001,5.130422e-08
1.211297567351721e-001,1.030556e-07
1.216180379851721e-001,1.929259e-07
1.221063192351721e-001,3.350568e-07
1.225946004851721e-001,5.38409e-07
1.230828817351721e-001,7.970487e-07
1.235711629851721e-001,1.082263e-06
1.240594442351721e-001,1.345518e-06
1.245477254851721e-001,1.530131e-06
1.250360067351721e-001,1.590207e-06
1.255242879851721e-001,1.509892e-06
1.260125692351721e-001,1.310282e-06
1.265008504851721e-001,1.040275e-06
1.269891317351721e-001,7.563466e-07
1.274774129851721e-001,5.044717e-07
1.279656942351721e-001,3.101296e-07
1.284539754851721e-001,1.765495e-07
1.289422567351721e-001,9.33018e-08
1.294305379851721e-001,4.598728e-08
1.299188192351721e-001,2.124699e-08
1.304071004851721e-001,9.248173e-09
1.308953817351721e-001,3.807711e-09
1.313836629851721e-001,1.483315e-09
1.318719442351721e-001,5.405201e-10
1.323602254851721e-001,1.7598e-10
1.328485067351721e-001,4.476266e-11
1.338250692351721e-001,4.577656e-11
1.343133504851721e-001,1.791031e-10
1.348016317351721e-001,5.489282e-10
1.352899129851721e-001,1.504822e-09
1.357781942351721e-001,3.860106e-09
1.362664754851721e-001,9.36889e-09
1.367547567351721e-001,2.150793e-08
1.372430379851721e-001,4.651225e-08
1.377313192351721e-001,9.427669e-08
1.382196004851721e-001,1.782064e-07
1.387078817351721e-001,3.126825e-07
1.391961629851721e-001,5.071723e-07
1.396844442351721e-001,7.588716e-07
1.401727254851721e-001,1.043603e-06
1.406610067351721e-001,1.313733e-06
1.411492879851721e-001,1.51195e-06
1.416375692351721e-001,1.590343e-06
1.421258504851721e-001,1.528308e-06
1.426141317351721e-001,1.342209e-06
1.431024129851721e-001,1.078251e-06
1.435906942351721e-001,7.930308e-07
1.440789754851721e-001,5.348742e-07
1.445672567351721e-001,3.323741e-07
1.450555379851721e-001,1.911604e-07
1.455438192351721e-001,1.020037e-07
1.460321004851721e-001,5.073134e-08
1.465203817351721e-001,2.36348e-08
1.470086629851721e-001,1.036683e-08
1.474969442351721e-001,4.299438e-09
1.479852254851721e-001,1.687731e-09
1.484735067351721e-001,6.214452e-10
1.489617879851721e-001,2.064441e-10
1.494500692351721e-001,5.489716e-11
1.504266317351721e-001,3.710511e-11
1.509149129851721e-001,1.521034e-10
1.514031942351721e-001,4.766437e-10
1.518914754851721e-001,1.321194e-09
1.523797567351721e-001,3.415627e-09
1.528680379851721e-001,8.350493e-09
1.533563192351721e-001,1.931659e-08
1.538446004851721e-001,4.211933e-08
1.543328817351721e-001,8.613863e-08
1.548211629851721e-001,1.643919e-07
1.553094442351721e-001,2.913946e-07
1.557977254851721e-001,4.777253e-07
1.562860067351721e-001,7.228102e-07
1.567742879851721e-001,1.005469e-06
1.572625692351721e-001,1.28067e-06
1.577508504851721e-001,1.491596e-06
1.582391317351721e-001,1.587924e-06
1.587274129851721e-001,1.544472e-06
1.592156942351721e-001,1.372736e-06
1.597039754851721e-001,1.115873e-06
1.601922567351721e-001,8.302325e-07
1.606805379851721e-001,5.662773e-07
1.611688192351721e-001,3.557137e-07
1.616571004851721e-001,2.067047e-07
1.621453817351721e-001,1.113776e-07
1.626336629851721e-001,5.58998e-08
1.631219442351721e-001,2.626284e-08
1.636102254851721e-001,1.160929e-08
1.640985067351721e-001,4.849986e-09
1.645867879851721e-001,1.918207e-09
1.650750692351721e-001,7.13258e-10
1.655633504851721e-001,2.412783e-10
1.660516317351721e-001,6.684134e-11
1.665399129851721e-001,1.477568e-11
1.670281942351721e-001,2.993196e-11
1.675164754851721e-001,1.28573e-10
1.680047567351721e-001,4.130344e-10
1.684930379851721e-001,1.158594e-09
1.689813192351721e-001,3.019378e-09
1.694696004851721e-001,7.43552e-09
1.699578817351721e-001,1.733032e-08
1.704461629851721e-001,3.809787e-08
1.709344442351721e-001,7.860632e-08
1.714227254851721e-001,1.514493e-07
1.719110067351721e-001,2.711792e-07
1.723992879851721e-001,4.493347e-07
1.728875692351721e-001,6.874259e-07
1.733758504851721e-001,9.672282e-07
1.738641317351721e-001,1.246468e-06
1.743524129851721e-001,1.469166e-06
1.748406942351721e-001,1.582965e-06
1.753289754851721e-001,1.558307e-06
1.758172567351721e-001,1.401729e-06
1.763055379851721e-001,1.153006e-06
1.767938192351721e-001,8.678552e-07
1.772821004851721e-001,5.986403e-07
1.777703817351721e-001,3.801541e-07
1.782586629851721e-001,2.232129e-07
1.787469442351721e-001,1.214595e-07
1.792352254851721e-001,6.152253e-08
1.797235067351721e-001,2.91515e-08
1.802117879851721e-001,1.298764e-08
1.807000692351721e-001,5.465768e-09
1.811883504851721e-001,2.177837e-09
1.816766317351721e-001,8.173376e-10
1.821649129851721e-001,2.810528e-10
1.826531942351721e-001,8.080284e-11
1.831414754851721e-001,1.7428e-11
1.836297567351721e-001,2.413052e-11
1.841180379851721e-001,1.081162e-10
1.846063192351721e-001,3.571095e-10
1.850946004851721e-001,1.014735e-09
1.855828817351721e-001,2.666463e-09
1.860711629851721e-001,6.61437e-09
1.865594442351721e-001,1.553216e-08
1.870477254851721e-001,3.442155e-08
1.875360067351721e-001,7.164533e-08
1.880242879851721e-001,1.393439e-07
1.885125692351721e-001,2.520184e-07
1.890008504851721e-001,4.220211e-07
1.894891317351721e-001,6.527936e-07
1.899774129851721e-001,9.290065e-07
1.904656942351721e-001,1.21127e-06
1.909539754851721e-001,1.444763e-06
1.914422567351721e-001,1.575487e-06
1.919305379851721e-001,1.569745e-06
1.924188192351721e-001,1.42906e-06
1.929071004851721e-001,1.189509e-06
1.933953817351721e-001,9.057957e-07
1.938836629851721e-001,6.319156e-07
1.943719442351721e-001,4.056962e-07
1.948602254851721e-001,2.407134e-07
1.953485067351721e-001,1.322855e-07
1.958367879851721e-001,6.763053e-08
1.963250692351721e-001,3.232249e-08
1.968133504851721e-001,1.451498e-08
1.973016317351721e-001,6.153807e-09
1.977899129851721e-001,2.470046e-09
1.982781942351721e-001,9.352265e-10
1.987664754851721e-001,3.264126e-10
1.992547567351721e-001,9.702283e-11
1.997430379851721e-001,2.122985e-11
2.002313192351721e-001,1.959797e-11
2.007196004851721e-001,9.038613e-11
2.012078817351721e-001,3.079875e-10
2.016961629851721e-001,8.875613e-10
2.021844442351721e-001,2.35244e-09
2.026727254851721e-001,5.878215e-09
2.031610067351721e-001,1.390628e-08
2.036492879851721e-001,3.106533e-08
2.041375692351721e-001,6.522205e-08
2.046258504851721e-001,1.280405e-07
2.051141317351721e-001,2.338908e-07
2.056024129851721e-001,3.957986e-07
2.060906942351721e-001,6.189809e-07
2.065789754851721e-001,8.909229e-07
2.070672567351721e-001,1.175216e-06
2.075555379851721e-001,1.418502e-06
2.080438192351721e-001,1.56553e-06
2.085321004851721e-001,1.578731e-06
2.090203817351721e-001,1.454603e-06
2.095086629851721e-001,1.225244e-06
2.099969442351721e-001,9.439441e-07
2.104852254851721e-001,6.660478e-07
2.109735067351721e-001,4.323351e-07
2.114617879851721e-001,2.592323e-07
2.119500692351721e-001,1.438912e-07
2.124383504851721e-001,7.425589e-08
2.129266317351721e-001,3.579876e-08
2.134149129851721e-001,1.620539e-08
2.139031942351721e-001,6.921774e-09
2.143914754851721e-001,2.798625e-09
2.148797567351721e-001,1.068648e-09
2.153680379851721e-001,3.780851e-10
2.158563192351721e-001,1.157796e-10
2.163446004851721e-001,2.624888e-11
2.168328817351721e-001,1.625375e-11
2.173211629851721e-001,7.507985e-11
2.178094442351721e-001,2.648854e-10
2.182977254851721e-001,7.752306e-10
2.187860067351721e-001,2.073278e-09
2.192742879851721e-001,5.218958e-09
2.197625692351721e-001,1.243794e-08
2.202508504851721e-001,2.800546e-08
2.207391317351721e-001,5.930377e-08
2.212274129851721e-001,1.175033e-07
2.217156942351721e-001,2.167721e-07
2.222039754851721e-001,3.706756e-07
2.226922567351721e-001,5.860476e-07
2.231805379851721e-001,8.530913e-07
2.236688192351721e-001,1.138447e-06
2.241571004851721e-001,1.390501e-06
2.246453817351721e-001,1.55314e-06
2.251336629851721e-001,1.58522e-06
2.256219442351721e-001,1.478242e-06
2.261102254851721e-001,1.260066e-06
2.265985067351721e-001,9.829391e-07
2.270867879851721e-001,7.024836e-07
2.275750692351721e-001,4.60815e-07
2.280633504851721e-001,2.787928e-07
2.285516317351721e-001,1.563124e-07
2.290399129851721e-001,8.143167e-08
2.295281942351721e-001,3.960455e-08
2.300164754851721e-001,1.807401e-08
2.305047567351721e-001,7.778044e-09
2.309930379851721e-001,3.167757e-09
2.314813192351721e-001,1.219523e-09
2.319696004851721e-001,4.368902e-10
2.324578817351721e-001,1.373925e-10
2.329461629851721e-001,3.257416e-11
2.339227254851721e-001,6.193396e-11
2.344110067351721e-001,2.271086e-10
2.348992879851721e-001,6.760914e-10
2.353875692351721e-001,1.825332e-09
2.358758504851721e-001,4.629179e-09
2.363641317351721e-001,1.111345e-08
2.368524129851721e-001,2.521946e-08
2.373406942351721e-001,5.385881e-08
2.378289754851721e-001,1.076964e-07
2.383172567351721e-001,2.006352e-07
2.388055379851721e-001,3.466546e-07
2.392938192351721e-001,5.54046e-07
2.397821004851721e-001,8.156186e-07
2.402703817351721e-001,1.101105e-06
2.407586629851721e-001,1.360888e-06
2.412469442351721e-001,1.538379e-06
2.417352254851721e-001,1.589181e-06
2.422235067351721e-001,1.499867e-06
2.427117879851721e-001,1.293836e-06
2.432000692351721e-001,1.021196e-06
2.436883504851721e-001,7.382267e-07
2.441766317351721e-001,4.896564e-07
2.446649129851721e-001,2.994151e-07
2.451531942351721e-001,1.695841e-07
2.456414754851721e-001,8.919179e-08
2.461297567351721e-001,4.376539e-08
2.466180379851721e-001,2.013712e-08
2.471063192351721e-001,8.731732e-09
2.475946004851721e-001,3.582056e-09
2.480828817351721e-001,1.389995e-09
2.485711629851721e-001,5.037503e-10
2.490594442351721e-001,1.622269e-10
2.495477254851721e-001,4.031756e-11
2.505242879851721e-001,5.072071e-11
2.510125692351721e-001,1.940423e-10
2.515008504851721e-001,5.886663e-10
2.519891317351721e-001,1.605306e-09
2.524774129851721e-001,4.102095e-09
2.529656942351721e-001,9.920096e-09
2.534539754851721e-001,2.268613e-08
2.539422567351721e-001,4.885658e-08
2.544305379851721e-001,9.85838e-08
2.549188192351721e-001,1.85451e-07
2.554071004851721e-001,3.237331e-07
2.558953817351721e-001,5.222836e-07
2.563836629851721e-001,7.771308e-07
2.568719442351721e-001,1.06259e-06
2.573602254851721e-001,1.329794e-06
2.578485067351721e-001,1.521318e-06
2.583367879851721e-001,1.590594e-06
2.588250692351721e-001,1.519376e-06
2.593133504851721e-001,1.326412e-06
2.598016317351721e-001,1.059298e-06
2.602899129851721e-001,7.746183e-07
2.607781942351721e-001,5.195457e-07
2.612664754851721e-001,3.211155e-07
2.617547567351721e-001,1.837403e-07
2.622430379851721e-001,9.757095e-08
2.627313192351721e-001,4.830808e-08
2.632196004851721e-001,2.24121e-08
2.637078817351721e-001,9.79275e-09
2.641961629851721e-001,4.0466e-09
2.646844442351721e-001,1.582447e-09
2.651727254851721e-001,5.79702e-10
2.656610067351721e-001,1.906987e-10
2.661492879851721e-001,4.961545e-11
2.671258504851721e-001,4.124465e-11
2.676141317351721e-001,1.651428e-10
2.681024129851721e-001,5.11635e-10
2.685906942351721e-001,1.410227e-09
2.690789754851721e-001,3.631513e-09
2.695672567351721e-001,8.846131e-09
2.700555379851721e-001,2.038552e-08
2.705438192351721e-001,4.426766e-08
2.710321004851721e-001,9.012977e-08
2.715203817351721e-001,1.711881e-07
2.720086629851721e-001,3.019035e-07
2.724969442351721e-001,4.923182e-07
2.729852254851721e-001,7.407613e-07
2.734735067351721e-001,1.024557e-06
2.739617879851721e-001,1.297352e-06
2.744500692351721e-001,1.502039e-06
2.749383504851721e-001,1.589452e-06
2.754266317351721e-001,1.536676e-06
2.759149129851721e-001,1.357656e-06
2.764031942351721e-001,1.097114e-06
2.768914754851721e-001,8.115728e-07
2.773797567351721e-001,5.50453e-07
2.778680379851721e-001,3.439065e-07
2.783563192351721e-001,1.988139e-07
2.788446004851721e-001,1.066044e-07
2.793328817351721e-001,5.326068e-08
2.798211629851721e-001,2.491755e-08
2.803094442351721e-001,1.097185e-08
2.807977254851721e-001,4.566973e-09
2.812860067351721e-001,1.799526e-09
2.817742879851721e-001,6.659081e-10
2.822625692351721e-001,2.232809e-10
2.827508504851721e-001,6.063081e-11
2.837274129851721e-001,3.333974e-11
2.842156942351721e-001,1.399305e-10
2.847039754851721e-001,4.438193e-10
2.851922567351721e-001,1.237415e-09
2.856805379851721e-001,3.21179e-09
2.861688192351721e-001,7.880697e-09
2.866571004851721e-001,1.829891e-08
2.871453817351721e-001,4.006384e-08
2.876336629851721e-001,8.229893e-08
2.881219442351721e-001,1.578138e-07
2.886102254851721e-001,2.811539e-07
2.890985067351721e-001,4.633965e-07
2.895867879851721e-001,7.050286e-07
2.900750692351721e-001,9.863538e-07
2.905633504851721e-001,1.263703e-06
2.910516317351721e-001,1.480634e-06
2.915399129851721e-001,1.585761e-06
2.920281942351721e-001,1.551685e-06
2.925164754851721e-001,1.387433e-06
2.930047567351721e-001,1.134509e-06
2.934930379851721e-001,8.489975e-07
2.939813192351721e-001,5.823416e-07
2.944696004851721e-001,3.677961e-07
2.949578817351721e-001,2.148365e-07
2.954461629851721e-001,1.163278e-07
2.959344442351721e-001,5.865247e-08
2.964227254851721e-001,2.767326e-08
2.969110067351721e-001,1.228068e-08
2.973992879851721e-001,5.149299e-09
2.978875692351721e-001,2.044172e-09
2.983758504851721e-001,7.636721e-10
2.988641317351721e-001,2.605096e-10
2.993524129851721e-001,7.355568e-11
2.998406942351721e-001,1.596157e-11
3.003289754851721e-001,2.686674e-11
3.008172567351721e-001,1.179832e-10
3.013055379851721e-001,3.84169e-10
3.017938192351721e-001,1.084456e-09
3.022821004851721e-001,2.837792e-09
3.027703817351721e-001,7.013787e-09
3.032586629851721e-001,1.640874e-08
3.037469442351721e-001,3.621816e-08
3.042352254851721e-001,7.505653e-08
3.047235067351721e-001,1.452941e-07
3.052117879851721e-001,2.614682e-07
3.057000692351721e-001,4.355422e-07
3.061883504851721e-001,6.700113e-07
3.066766317351721e-001,9.481074e-07
3.071649129851721e-001,1.228985e-06
3.076531942351721e-001,1.457204e-06
3.081414754851721e-001,1.579539e-06
3.086297567351721e-001,1.564329e-06
3.091180379851721e-001,1.41561e-06
3.096063192351721e-001,1.171345e-06
3.100946004851721e-001,8.867925e-07
3.105828817351721e-001,6.151672e-07
3.110711629851721e-001,3.927877e-07
3.115594442351721e-001,2.318374e-07
3.120477254851721e-001,1.267773e-07
3.125360067351721e-001,6.451389e-08
3.130242879851721e-001,3.07003e-08
3.135125692351721e-001,1.373183e-08
3.140008504851721e-001,5.800292e-09
3.144891317351721e-001,2.319641e-09
3.149774129851721e-001,8.744526e-10
3.154656942351721e-001,3.029912e-10
3.159539754851721e-001,8.861405e-11
3.164422567351721e-001,1.918149e-11
3.169305379851721e-001,2.171117e-11
3.174188192351721e-001,9.893023e-11
3.179071004851721e-001,3.317493e-10
3.183953817351721e-001,9.491823e-10
3.188836629851721e-001,2.504851e-09
3.193719442351721e-001,6.236191e-09
3.198602254851721e-001,1.469863e-08
3.203485067351721e-001,3.270494e-08
3.208367879851721e-001,6.836854e-08
3.213250692351721e-001,1.335941e-07
3.218133504851721e-001,2.428269e-07
3.223016317351721e-001,4.087728e-07
3.227899129851721e-001,6.357809e-07
3.232781942351721e-001,9.099402e-07
3.237664754851721e-001,1.193341e-06
3.242547567351721e-001,1.431857e-06
3.247430379851721e-001,1.570816e-06
3.252313192351721e-001,1.574547e-06
3.257196004851721e-001,1.442062e-06
3.262078817351721e-001,1.207482e-06
3.266961629851721e-001,9.248511e-07
3.271844442351721e-001,6.488783e-07
3.276727254851721e-001,4.18879e-07
3.281610067351721e-001,2.49844e-07
3.286492879851721e-001,1.379886e-07
3.291375692351721e-001,7.08765e-08
3.296258504851721e-001,3.402099e-08
3.301141317351721e-001,1.533888e-08
3.306024129851721e-001,6.527293e-09
3.310906942351721e-001,2.629537e-09
3.315789754851721e-001,9.998802e-10
3.320672567351721e-001,3.514108e-10
3.325555379851721e-001,1.060652e-10
3.330438192351721e-001,2.358217e-11
3.335321004851721e-001,1.778152e-11
3.340203817351721e-001,8.244736e-11
3.345086629851721e-001,2.857293e-10
3.349969442351721e-001,8.296481e-10
3.354852254851721e-001,2.208737e-09
3.359735067351721e-001,5.539453e-09
3.364617879851721e-001,1.31533e-08
3.369500692351721e-001,2.949978e-08
3.374383504851721e-001,6.220179e-08
3.379266317351721e-001,1.226783e-07
3.384149129851721e-001,2.252069e-07
3.389031942351721e-001,3.830994e-07
3.393914754851721e-001,6.024009e-07
3.398797567351721e-001,8.719687e-07
3.403680379851721e-001,1.156912e-06
3.408563192351721e-001,1.404711e-06
3.413446004851721e-001,1.559635e-06
3.418328817351721e-001,1.58229e-06
3.423211629851721e-001,1.466667e-06
3.428094442351721e-001,1.242778e-06
3.432977254851721e-001,9.637922e-07
3.437860067351721e-001,6.848799e-07
3.442742879851721e-001,4.467948e-07
3.447625692351721e-001,2.68881e-07
3.452508504851721e-001,1.499977e-07
3.457391317351721e-001,7.777288e-08
3.462274129851721e-001,3.76589e-08
3.467156942351721e-001,1.711643e-08
3.472039754851721e-001,7.33832e-09
3.476922567351721e-001,2.977844e-09
3.481805379851721e-001,1.141775e-09
3.486688192351721e-001,4.065409e-10
3.491571004851721e-001,1.262073e-10
3.496453817351721e-001,2.92418e-11
3.501336629851721e-001,1.500784e-11
3.506219442351721e-001,6.825188e-11
3.511102254851721e-001,2.453715e-10
3.515985067351721e-001,7.241083e-10
3.520867879851721e-001,1.945617e-09
3.525750692351721e-001,4.915822e-09
3.530633504851721e-001,1.175853e-08
3.535516317351721e-001,2.657958e-08
3.540399129851721e-001,5.652407e-08
3.545281942351721e-001,1.125108e-07
3.550164754851721e-001,2.085827e-07
3.555047567351721e-001,3.585274e-07
3.559930379851721e-001,5.699274e-07
3.564813192351721e-001,8.343036e-07
3.569696004851721e-001,1.11984e-06
3.574578817351721e-001,1.375888e-06
3.579461629851721e-001,1.546052e-06
3.584344442351721e-001,1.587518e-06
3.589227254851721e-001,1.489313e-06
3.594110067351721e-001,1.277092e-06
3.598992879851721e-001,1.002079e-06
3.603875692351721e-001,7.20269e-07
3.608758504851721e-001,4.751031e-07
3.613641317351721e-001,2.889701e-07
3.618524129851721e-001,1.628398e-07
3.623406942351721e-001,8.523654e-08
3.628289754851721e-001,4.163895e-08
3.633172567351721e-001,1.908019e-08
3.638055379851721e-001,8.24211e-09
3.642938192351721e-001,3.368955e-09
3.647821004851721e-001,1.302167e-09
3.652703817351721e-001,4.692514e-10
3.657586629851721e-001,1.493823e-10
3.662469442351721e-001,3.626067e-11
3.672235067351721e-001,5.609868e-11
3.677117879851721e-001,2.100222e-10
3.682000692351721e-001,6.310006e-10
3.686883504851721e-001,1.712022e-09
3.691766317351721e-001,4.3582e-09
3.696649129851721e-001,1.050114e-08
3.701531942351721e-001,2.392249e-08
3.706414754851721e-001,5.130422e-08
3.711297567351721e-001,1.030556e-07
3.716180379851721e-001,1.929259e-07
3.721063192351721e-001,3.350568e-07
3.725946004851721e-001,5.38409e-07
3.730828817351721e-001,7.970487e-07
3.735711629851721e-001,1.082263e-06
3.740594442351721e-001,1.345518e-06
3.745477254851721e-001,1.530131e-06
3.750360067351721e-001,1.590207e-06
3.755242879851721e-001,1.509892e-06
3.760125692351721e-001,1.310282e-06
3.765008504851721e-001,1.040275e-06
3.769891317351721e-001,7.563466e-07
3.774774129851721e-001,5.044717e-07
3.779656942351721e-001,3.101296e-07
3.784539754851721e-001,1.765495e-07
3.789422567351721e-001,9.33018e-08
3.794305379851721e-001,4.598728e-08
3.799188192351721e-001,2.124699e-08
3.804071004851721e-001,9.248173e-09
3.808953817351721e-001,3.807711e-09
3.813836629851721e-001,1.483315e-09
3.818719442351721e-001,5.405201e-10
3.823602254851721e-001,1.7598e-10
3.828485067351721e-001,4.476266e-11
3.838250692351721e-001,4.577656e-11
3.843133504851721e-001,1.791031e-10
3.848016317351721e-001,5.489282e-10
3.852899129851721e-001,1.504822e-09
3.857781942351721e-001,3.860106e-09
3.862664754851721e-001,9.36889e-09
3.867547567351721e-001,2.150793e-08
3.872430379851721e-001,4.651225e-08
3.877313192351721e-001,9.427669e-08
3.882196004851721e-001,1.782064e-07
3.887078817351721e-001,3.126825e-07
3.891961629851721e-001,5.071723e-07
3.896844442351721e-001,7.588716e-07
3.901727254851721e-001,1.043603e-06
3.906610067351721e-001,1.313733e-06
3.911492879851721e-001,1.51195e-06
3.916375692351721e-001,1.590343e-06
3.921258504851721e-001,1.528308e-06
3.926141317351721e-001,1.342209e-06
3.931024129851721e-001,1.078251e-06
3.935906942351721e-001,7.930308e-07
3.940789754851721e-001,5.348742e-07
3.945672567351721e-001,3.323741e-07
3.950555379851721e-001,1.911604e-07
3.955438192351721e-001,1.020037e-07
3.960321004851721e-001,5.073134e-08
3.965203817351721e-001,2.36348e-08
3.970086629851721e-001,1.036683e-08
3.974969442351721e-001,4.299438e-09
3.979852254851721e-001,1.687731e-09
3.984735067351721e-001,6.214452e-10
3.989617879851721e-001,2.064441e-10
3.994500692351721e-001,5.489716e-11
4.004266317351721e-001,3.710511e-11
4.009149129851721e-001,1.521034e-10
4.014031942351721e-001,4.766437e-10
4.018914754851721e-001,1.321194e-09
4.023797567351721e-001,3.415627e-09
4.028680379851721e-001,8.350493e-09
4.033563192351721e-001,1.931659e-08
4.038446004851721e-001,4.211933e-08
4.043328817351721e-001,8.613863e-08
4.048211629851721e-001,1.643919e-07
4.053094442351721e-001,2.913946e-07
4.057977254851721e-001,4.777253e-07
4.062860067351721e-001,7.228102e-07
4.067742879851721e-001,1.005469e-06
4.072625692351721e-001,1.28067e-06
4.077508504851721e-001,1.491596e-06
4.082391317351721e-001,1.587924e-06
4.087274129851721e-001,1.544472e-06
4.092156942351721e-001,1.372736e-06
4.097039754851721e-001,1.115873e-06
4.101922567351721e-001,8.302325e-07
4.106805379851721e-001,5.662773e-07
4.111688192351721e-001,3.557137e-07
4.116571004851721e-001,2.067047e-07
4.121453817351721e-001,1.113776e-07
4.126336629851721e-001,5.58998e-08
4.131219442351721e-001,2.626284e-08
4.136102254851721e-001,1.160929e-08
4.140985067351721e-001,4.849986e-09
4.145867879851721e-001,1.918207e-09
4.150750692351721e-001,7.13258e-10
4.155633504851721e-001,2.412783e-10
4.160516317351721e-001,6.684134e-11
4.165399129851721e-001,1.477568e-11
4.170281942351721e-001,2.993196e-11
4.175164754851721e-001,1.28573e-10
4.180047567351721e-001,4.130344e-10
4.184930379851721e-001,1.158594e-09
4.189813192351721e-001,3.019378e-09
4.194696004851721e-001,7.43552e-09
4.199578817351721e-001,1.733032e-08
4.204461629851721e-001,3.809787e-08
4.209344442351721e-001,7.860632e-08
4.214227254851721e-001,1.514493e-07
4.219110067351721e-001,2.711792e-07
4.223992879851721e-001,4.493347e-07
4.228875692351721e-001,6.874259e-07
4.233758504851721e-001,9.672282e-07
4.238641317351721e-001,1.246468e-06
4.243524129851721e-001,1.469166e-06
4.248406942351721e-001,1.582965e-06
4.253289754851721e-001,1.558307e-06
4.258172567351721e-001,1.401729e-06
4.263055379851721e-001,1.153006e-06
4.267938192351721e-001,8.678552e-07
4.272821004851721e-001,5.986403e-07
4.277703817351721e-001,3.801541e-07
4.282586629851721e-001,2.232129e-07
4.287469442351721e-001,1.214595e-07
4.292352254851721e-001,6.152253e-08
4.297235067351721e-001,2.91515e-08
4.302117879851721e-001,1.298764e-08
4.307000692351721e-001,5.465768e-09
4.311883504851721e-001,2.177837e-09
4.316766317351721e-001,8.173376e-10
4.321649129851721e-001,2.810528e-10
4.326531942351721e-001,8.080284e-11
4.331414754851721e-001,1.7428e-11
4.336297567351721e-001,2.413052e-11
4.341180379851721e-001,1.081162e-10
4.346063192351721e-001,3.571095e-10
4.350946004851721e-001,1.014735e-09
4.355828817351721e-001,2.666463e-09
4.360711629851721e-001,6.61437e-09
4.365594442351721e-001,1.553216e-08
4.370477254851721e-001,3.442155e-08
4.375360067351721e-001,7.164533e-08
4.380242879851721e-001,1.393439e-07
4.385125692351721e-001,2.520184e-07
4.390008504851721e-001,4.220211e-07
4.394891317351721e-001,6.527936e-07
4.399774129851721e-001,9.290065e-07
4.404656942351721e-001,1.21127e-06
4.409539754851721e-001,1.444763e-06
4.414422567351721e-001,1.575487e-06
4.419305379851721e-001,1.569745e-06
4.424188192351721e-001,1.42906e-06
4.429071004851721e-001,1.189509e-06
4.433953817351721e-001,9.057957e-07
4.438836629851721e-001,6.319156e-07
4.443719442351721e-001,4.056962e-07
4.448602254851721e-001,2.407134e-07
4.453485067351721e-001,1.322855e-07
4.458367879851721e-001,6.763053e-08
4.463250692351721e-001,3.232249e-08
4.468133504851721e-001,1.451498e-08
4.473016317351721e-001,6.153807e-09
4.477899129851721e-001,2.470046e-09
4.482781942351721e-001,9.352265e-10
4.487664754851721e-001,3.264126e-10
4.492547567351721e-001,9.702283e-11
4.497430379851721e-001,2.122985e-11
4.502313192351721e-001,1.959797e-11
4.507196004851721e-001,9.038613e-11
4.512078817351721e-001,3.079875e-10
4.516961629851721e-001,8.875613e-10
4.521844442351721e-001,2.35244e-09
4.526727254851721e-001,5.878215e-09
4.531610067351721e-001,1.390628e-08
4.536492879851721e-001,3.106533e-08
4.541375692351721e-001,6.522205e-08
4.546258504851721e-001,1.280405e-07
4.551141317351721e-001,2.338908e-07
4.556024129851721e-001,3.957986e-07
4.560906942351721e-001,6.189809e-07
4.565789754851721e-001,8.909229e-07
4.570672567351721e-001,1.175216e-06
4.575555379851721e-001,1.418502e-06
4.580438192351721e-001,1.56553e-06
4.585321004851721e-001,1.578731e-06
4.590203817351721e-001,1.454603e-06
4.595086629851721e-001,1.225244e-06
4.599969442351721e-001,9.439441e-07
4.604852254851721e-001,6.660478e-07
4.609735067351721e-001,4.323351e-07
4.614617879851721e-001,2.592323e-07
4.619500692351721e-001,1.438912e-07
4.624383504851721e-001,7.425589e-08
4.629266317351721e-001,3.579876e-08
4.634149129851721e-001,1.620539e-08
4.639031942351721e-001,6.921774e-09
4.643914754851721e-001,2.798625e-09
4.648797567351721e-001,1.068648e-09
4.653680379851721e-001,3.780851e-10
4.658563192351721e-001,1.157796e-10
4.663446004851721e-001,2.624888e-11
4.668328817351721e-001,1.625375e-11
4.673211629851721e-001,7.507985e-11
4.678094442351721e-001,2.648854e-10
4.682977254851721e-001,7.752306e-10
4.687860067351721e-001,2.073278e-09
4.692742879851721e-001,5.218958e-09
4.697625692351721e-001,1.243794e-08
4.702508504851721e-001,2.800546e-08
4.707391317351721e-001,5.930377e-08
4.712274129851721e-001,1.175033e-07
4.717156942351721e-001,2.167721e-07
4.722039754851721e-001,3.706756e-07
4.726922567351721e-001,5.860476e-07
4.731805379851721e-001,8.530913e-07
4.736688192351721e-001,1.138447e-06
4.741571004851721e-001,1.390501e-06
4.746453817351721e-001,1.55314e-06
4.751336629851721e-001,1.58522e-06
4.756219442351721e-001,1.478242e-06
4.761102254851721e-001,1.260066e-06
4.765985067351721e-001,9.829391e-07
4.770867879851721e-001,7.024836e-07
4.775750692351721e-001,4.60815e-07
4.780633504851721e-001,2.787928e-07
4.785516317351721e-001,1.563124e-07
4.790399129851721e-001,8.143167e-08
4.795281942351721e-001,3.960455e-08
4.800164754851721e-001,1.807401e-08
4.805047567351721e-001,7.778044e-09
4.809930379851721e-001,3.167757e-09
4.814813192351721e-001,1.219523e-09
4.819696004851721e-001,4.368902e-10
4.824578817351721e-001,1.373925e-10
4.829461629851721e-001,3.257416e-11
4.839227254851721e-001,6.193396e-11
4.844110067351721e-001,2.271086e-10
4.848992879851721e-001,6.760914e-10
4.853875692351721e-001,1.825332e-09
4.858758504851721e-001,4.629179e-09
4.863641317351721e-001,1.111345e-08
4.868524129851721e-001,2.521946e-08
4.873406942351721e-001,5.385881e-08
4.878289754851721e-001,1.076964e-07
4.883172567351721e-001,2.006352e-07
4.888055379851721e-001,3.466546e-07
4.892938192351721e-001,5.54046e-07
4.897821004851721e-001,8.156186e-07
4.902703817351721e-001,1.101105e-06
4.907586629851721e-001,1.360888e-06
4.912469442351721e-001,1.538379e-06
4.917352254851721e-001,1.589181e-06
4.922235067351721e-001,1.499867e-06
4.927117879851721e-001,1.293836e-06
4.932000692351721e-001,1.021196e-06
4.936883504851721e-001,7.382267e-07
4.941766317351721e-001,4.896564e-07
4.946649129851721e-001,2.994151e-07
4.951531942351721e-001,1.695841e-07
4.956414754851721e-001,8.919179e-08
4.961297567351721e-001,4.376539e-08
4.966180379851721e-001,2.013712e-08
4.971063192351721e-001,8.731732e-09
4.975946004851721e-001,3.582056e-09
4.980828817351721e-001,1.389995e-09
4.985711629851721e-001,5.037503e-10
4.990594442351721e-001,1.622269e-10
4.995477254851721e-001,3.915718e-11
5.000000000000000e-001,-1.20502e-15
