0.000000000000000e+000,0.0
5.242879851721227e-004,6.970617e-12
1.012569235172123e-003,2.488424e-11
1.500850485172123e-003,5.535943e-11
1.989131735172123e-003,1.041867e-10
2.477412985172123e-003,1.777974e-10
2.965694235172123e-003,2.841965e-10
3.453975485172123e-003,4.322546e-10
3.942256735172123e-003,6.303554e-10
4.430537985172123e-003,8.843234e-10
4.918819235172123e-003,1.194791e-09
5.407100485172123e-003,1.554496e-09
5.895381735172123e-003,1.946322e-09
6.383662985172123e-003,2.343042e-09
6.871944235172123e-003,2.709512e-09
7.360225485172123e-003,3.007465e-09
7.848506735172123e-003,3.202157e-09
8.336787985172123e-003,3.269272e-09
8.825069235172123e-003,3.20015e-09
9.313350485172123e-003,3.003711e-09
9.801631735172123e-003,2.704472e-09
1.028991298517212e-002,2.337281e-09
1.077819423517212e-002,1.940403e-09
1.126647548517212e-002,1.548889e-09
1.175475673517212e-002,1.189826e-09
1.224303798517212e-002,8.801734e-10
1.273131923517212e-002,6.270581e-10
1.321960048517212e-002,4.297507e-10
1.370788173517212e-002,2.823714e-10
1.419616298517212e-002,1.76517e-10
1.468444423517212e-002,1.033227e-10
1.517272548517212e-002,5.480393e-11
1.566100673517212e-002,2.455572e-11
1.614928798517212e-002,8.002697e-12
1.712585048517212e-002,6.797186e-12
1.761413173517212e-002,2.193844e-11
1.810241298517212e-002,5.035515e-11
1.859069423517212e-002,9.640271e-11
1.907897548517212e-002,1.66276e-10
1.956725673517212e-002,2.677991e-10
2.005553798517212e-002,4.097895e-10
2.054381923517212e-002,6.008005e-10
2.103210048517212e-002,8.47141e-10
2.152038173517212e-002,1.150297e-09
2.200866298517212e-002,1.504199e-09
2.249694423517212e-002,1.893106e-09
2.298522548517212e-002,2.291069e-09
2.347350673517212e-002,2.663777e-09
2.396178798517212e-002,2.973024e-09
2.445006923517212e-002,3.18318e-09
2.493835048517212e-002,3.268185e-09
2.542663173517212e-002,3.217093e-09
2.591491298517212e-002,3.036511e-09
2.640319423517212e-002,2.749123e-09
2.689147548517212e-002,2.388783e-09
2.737975673517212e-002,1.993709e-09
2.786803798517212e-002,1.599708e-09
2.835631923517212e-002,1.235111e-09
2.884460048517212e-002,9.182584e-10
2.933288173517212e-002,6.575017e-10
2.982116298517212e-002,4.53009e-10
3.030944423517212e-002,2.994271e-10
3.079772548517212e-002,1.88555e-10
3.128600673517212e-002,1.114962e-10
3.177428798517212e-002,6.009591e-11
3.226256923517212e-002,2.771663e-11
3.275085048517212e-002,9.535265e-12
3.372741298517212e-002,5.624933e-12
3.421569423517212e-002,1.922605e-11
3.470397548517212e-002,4.566163e-11
3.519225673517212e-002,8.903984e-11
3.568053798517212e-002,1.553157e-10
3.616881923517212e-002,2.521212e-10
3.665710048517212e-002,3.881991e-10
3.714538173517212e-002,5.722363e-10
3.763366298517212e-002,8.109798e-10
3.812194423517212e-002,1.10672e-09
3.861022548517212e-002,1.45454e-09
3.909850673517212e-002,1.840063e-09
3.958678798517212e-002,2.238653e-09
4.007506923517212e-002,2.616911e-09
4.056335048517212e-002,2.936806e-09
4.105163173517212e-002,3.161957e-09
4.153991298517212e-002,3.264651e-09
4.202819423517212e-002,3.231709e-09
4.251647548517212e-002,3.067396e-09
4.300475673517212e-002,2.792471e-09
4.349303798517212e-002,2.439672e-09
4.398131923517212e-002,2.047046e-09
4.446960048517212e-002,1.651064e-09
4.495788173517212e-002,1.281259e-09
4.544616298517212e-002,9.573526e-10
4.593444423517212e-002,6.889537e-10
4.642272548517212e-002,4.771765e-10
4.691100673517212e-002,3.172431e-10
4.739928798517212e-002,2.011929e-10
4.788756923517212e-002,1.201235e-10
4.837585048517212e-002,6.572334e-11
4.886413173517212e-002,3.112725e-11
4.935241298517212e-002,1.126468e-11
5.032897548517212e-002,4.637659e-12
5.081725673517212e-002,1.673917e-11
5.130553798517212e-002,4.126659e-11
5.179381923517212e-002,8.208153e-11
5.228210048517212e-002,1.448964e-10
5.277038173517212e-002,2.371416e-10
5.325866298517212e-002,3.674639e-10
5.374694423517212e-002,5.44651e-10
5.423522548517212e-002,7.758425e-10
5.472350673517212e-002,1.064083e-09
5.521178798517212e-002,1.405567e-09
5.570006923517212e-002,1.787266e-09
5.618835048517212e-002,2.185883e-09
5.667663173517212e-002,2.569005e-09
5.716491298517212e-002,2.898892e-09
5.765319423517212e-002,3.138534e-09
5.814147548517212e-002,3.25868e-09
5.862975673517212e-002,3.243965e-09
5.911803798517212e-002,3.096296e-09
5.960631923517212e-002,2.834427e-09
6.009460048517212e-002,2.489856e-09
6.058288173517212e-002,2.100334e-09
6.107116298517212e-002,1.702901e-09
6.155944423517212e-002,1.328238e-09
6.204772548517212e-002,9.974462e-10
6.253600673517212e-002,7.214208e-10
6.302428798517212e-002,5.022701e-10
6.351256923517212e-002,3.358403e-10
6.400085048517212e-002,2.144517e-10
6.448913173517212e-002,1.292227e-10
6.497741298517212e-002,7.170018e-11
6.546569423517212e-002,3.479709e-11
6.595397548517212e-002,1.319614e-11
6.741881923517212e-002,1.447055e-11
6.790710048517212e-002,3.715837e-11
6.839538173517212e-002,7.551175e-11
6.888366298517212e-002,1.349985e-10
6.937194423517212e-002,2.228384e-10
6.986022548517212e-002,3.475642e-10
7.034850673517212e-002,5.180316e-10
7.083678798517212e-002,7.417295e-10
7.132506923517212e-002,1.022406e-09
7.181335048517212e-002,1.357324e-09
7.230163173517212e-002,1.734784e-09
7.278991298517212e-002,2.132846e-09
7.327819423517212e-002,2.520152e-09
7.376647548517212e-002,2.859362e-09
7.425475673517212e-002,3.112967e-09
7.474303798517212e-002,3.250286e-09
7.523131923517212e-002,3.253833e-09
7.571960048517212e-002,3.123147e-09
7.620788173517212e-002,2.874903e-09
7.669616298517212e-002,2.539242e-09
7.718444423517212e-002,2.153491e-09
7.767272548517212e-002,1.755157e-09
7.816100673517212e-002,1.376013e-09
7.864928798517212e-002,1.038527e-09
7.913756923517212e-002,7.549081e-10
7.962585048517212e-002,5.283061e-10
8.011413173517212e-002,3.5524e-10
8.060241298517212e-002,2.283526e-10
8.109069423517212e-002,1.388124e-10
8.157897548517212e-002,7.804096e-11
8.206725673517212e-002,3.873625e-11
8.255553798517212e-002,1.53354e-11
8.304381923517212e-002,4.127029e-12
8.402038173517212e-002,1.241352e-11
8.450866298517212e-002,3.332594e-11
8.499694423517212e-002,6.931507e-11
8.548522548517212e-002,1.256025e-10
8.597350673517212e-002,2.091905e-10
8.646178798517212e-002,3.284795e-10
8.695006923517212e-002,4.92364e-10
8.743835048517212e-002,7.086388e-10
8.792663173517212e-002,9.81707e-10
8.841491298517212e-002,1.309852e-09
8.890319423517212e-002,1.682682e-09
8.939147548517212e-002,2.079627e-09
8.987975673517212e-002,2.470444e-09
9.036803798517212e-002,2.8183e-09
9.085631923517212e-002,3.085312e-09
9.134460048517212e-002,3.239488e-09
9.183288173517212e-002,3.261288e-09
9.232116298517212e-002,3.147888e-09
9.280944423517212e-002,2.913815e-09
9.329772548517212e-002,2.587737e-09
9.378600673517212e-002,2.206434e-09
9.427428798517212e-002,1.807768e-09
9.476256923517212e-002,1.424544e-09
9.525085048517212e-002,1.080578e-09
9.573913173517212e-002,7.894189e-10
9.622741298517212e-002,5.552994e-10
9.671569423517212e-002,3.754625e-10
9.720397548517212e-002,2.42917e-10
9.769225673517212e-002,1.489115e-10
9.818053798517212e-002,8.476076e-11
9.866881923517212e-002,4.295542e-11
9.915710048517212e-002,1.768879e-11
9.964538173517212e-002,5.00346e-12
1.006219442351721e-001,1.056198e-11
1.011102254851721e-001,2.975882e-11
1.015985067351721e-001,6.347659e-11
1.020867879851721e-001,1.166898e-10
1.025750692351721e-001,1.961763e-10
1.030633504851721e-001,3.101891e-10
1.035516317351721e-001,4.676326e-10
1.040399129851721e-001,6.765668e-10
1.045281942351721e-001,9.419997e-10
1.050164754851721e-001,1.263191e-09
1.055047567351721e-001,1.631023e-09
1.059930379851721e-001,2.026308e-09
1.064813192351721e-001,2.419974e-09
1.069696004851721e-001,2.775792e-09
1.074578817351721e-001,3.055633e-09
1.079461629851721e-001,3.226312e-09
1.084344442351721e-001,3.266313e-09
1.089227254851721e-001,3.170463e-09
1.094110067351721e-001,2.951079e-09
1.098992879851721e-001,2.635249e-09
1.103875692351721e-001,2.259075e-09
1.108758504851721e-001,1.860668e-09
1.113641317351721e-001,1.473787e-09
1.118524129851721e-001,1.123582e-09
1.123406942351721e-001,8.249538e-10
1.128289754851721e-001,5.832638e-10
1.133172567351721e-001,3.965283e-10
1.138055379851721e-001,2.581662e-10
1.142938192351721e-001,1.595396e-10
1.147821004851721e-001,9.187526e-11
1.152703817351721e-001,4.74659e-11
1.157586629851721e-001,2.026319e-11
1.162469442351721e-001,6.062956e-12
1.172235067351721e-001,8.91039e-12
1.177117879851721e-001,2.644714e-11
1.182000692351721e-001,5.798202e-11
1.186883504851721e-001,1.082419e-10
1.191766317351721e-001,1.837749e-10
1.196649129851721e-001,2.926718e-10
1.201531942351721e-001,4.438209e-10
1.206414754851721e-001,6.455075e-10
1.211297567351721e-001,9.032959e-10
1.216180379851721e-001,1.217373e-09
1.221063192351721e-001,1.579867e-09
1.225946004851721e-001,1.972972e-09
1.230828817351721e-001,2.368834e-09
1.235711629851721e-001,2.731926e-09
1.240594442351721e-001,3.023996e-09
1.245477254851721e-001,3.210788e-09
1.250360067351721e-001,3.268898e-09
1.255242879851721e-001,3.190819e-09
1.260125692351721e-001,2.986616e-09
1.265008504851721e-001,2.681686e-09
1.269891317351721e-001,2.311328e-09
1.274774129851721e-001,1.913785e-09
1.279656942351721e-001,1.523699e-09
1.284539754851721e-001,1.167517e-09
1.289422567351721e-001,8.615118e-10
1.294305379851721e-001,6.122117e-10
1.299188192351721e-001,4.184568e-10
1.304071004851721e-001,2.741219e-10
1.308953817351721e-001,1.707165e-10
1.313836629851721e-001,9.94007e-11
1.318719442351721e-001,5.227954e-11
1.323602254851721e-001,2.306609e-11
1.328485067351721e-001,7.308762e-12
1.338250692351721e-001,7.453777e-12
1.343133504851721e-001,2.338163e-11
1.348016317351721e-001,5.281765e-11
1.352899129851721e-001,1.00241e-10
1.357781942351721e-001,1.719653e-10
1.362664754851721e-001,2.759065e-10
1.367547567351721e-001,4.209115e-10
1.372430379851721e-001,6.154535e-10
1.377313192351721e-001,8.656048e-10
1.382196004851721e-001,1.172431e-09
1.387078817351721e-001,1.529271e-09
1.391961629851721e-001,1.919697e-09
1.396844442351721e-001,2.317117e-09
1.401727254851721e-001,2.686792e-09
1.406610067351721e-001,2.990471e-09
1.411492879851721e-001,3.192952e-09
1.416375692351721e-001,3.269034e-09
1.421258504851721e-001,3.20891e-09
1.426141317351721e-001,3.020346e-09
1.431024129851721e-001,2.726955e-09
1.435906942351721e-001,2.363103e-09
1.440789754851721e-001,1.967047e-09
1.445672567351721e-001,1.574228e-09
1.450555379851721e-001,1.212359e-09
1.455438192351721e-001,8.990892e-10
1.460321004851721e-001,6.421544e-10
1.465203817351721e-001,4.412673e-10
1.470086629851721e-001,2.908056e-10
1.474969442351721e-001,1.824623e-10
1.479852254851721e-001,1.073538e-10
1.484735067351721e-001,5.740883e-11
1.489617879851721e-001,2.610553e-11
1.494500692351721e-001,8.744678e-12
1.504266317351721e-001,6.187726e-12
1.509149129851721e-001,2.055358e-11
1.514031942351721e-001,4.797033e-11
1.518914754851721e-001,9.266968e-11
1.523797567351721e-001,1.60727e-10
1.528680379851721e-001,2.598715e-10
1.533563192351721e-001,3.988862e-10
1.538446004851721e-001,5.863953e-10
1.543328817351721e-001,8.289326e-10
1.548211629851721e-001,1.128393e-09
1.553094442351721e-001,1.479287e-09
1.557977254851721e-001,1.866558e-09
1.562860067351721e-001,2.264911e-09
1.567742879851721e-001,2.64048e-09
1.572625692351721e-001,2.955132e-09
1.577508504851721e-001,3.172847e-09
1.582391317351721e-001,3.266723e-09
1.587274129851721e-001,3.224694e-09
1.592156942351721e-001,3.052197e-09
1.597039754851721e-001,2.770965e-09
1.601922567351721e-001,2.41431e-09
1.606805379851721e-001,2.020379e-09
1.611688192351721e-001,1.625323e-09
1.616571004851721e-001,1.258079e-09
1.621453817351721e-001,9.376799e-10
1.626336629851721e-001,6.731012e-10
1.631219442351721e-001,4.64978e-10
1.636102254851721e-001,3.082388e-10
1.640985067351721e-001,1.947977e-10
1.645867879851721e-001,1.15752e-10
1.650750692351721e-001,6.286684e-11
1.655633504851721e-001,2.939015e-11
1.660516317351721e-001,1.037506e-11
1.670281942351721e-001,5.108376e-12
1.675164754851721e-001,1.795489e-11
1.680047567351721e-001,4.342754e-11
1.684930379851721e-001,8.551113e-11
1.689813192351721e-001,1.500397e-10
1.694696004851721e-001,2.445455e-10
1.699578817351721e-001,3.777258e-10
1.704461629851721e-001,5.58322e-10
1.709344442351721e-001,7.932831e-10
1.714227254851721e-001,1.085283e-09
1.719110067351721e-001,1.429965e-09
1.723992879851721e-001,1.81363e-09
1.728875692351721e-001,2.212307e-09
1.733758504851721e-001,2.593082e-09
1.738641317351721e-001,2.918056e-09
1.743524129851721e-001,3.150517e-09
1.748406942351721e-001,3.26197e-09
1.753289754851721e-001,3.238134e-09
1.758172567351721e-001,3.082098e-09
1.763055379851721e-001,2.813629e-09
1.767938192351721e-001,2.464858e-09
1.772821004851721e-001,2.073701e-09
1.777703817351721e-001,1.676926e-09
1.782586629851721e-001,1.304647e-09
1.787469442351721e-001,9.772753e-10
1.792352254851721e-001,7.0506e-10
1.797235067351721e-001,4.896065e-10
1.802117879851721e-001,3.264427e-10
1.807000692351721e-001,2.077434e-10
1.811883504851721e-001,1.24613e-10
1.816766317351721e-001,6.866719e-11
1.821649129851721e-001,3.292915e-11
1.826531942351721e-001,1.220481e-11
1.841180379851721e-001,1.5578e-11
1.846063192351721e-001,3.917733e-11
1.850946004851721e-001,7.874905e-11
1.855828817351721e-001,1.398835e-10
1.860711629851721e-001,2.299068e-10
1.865594442351721e-001,3.574109e-10
1.870477254851721e-001,5.312215e-10
1.875360067351721e-001,7.58658e-10
1.880242879851721e-001,1.043124e-09
1.885125692351721e-001,1.381351e-09
1.890008504851721e-001,1.760981e-09
1.894891317351721e-001,2.159393e-09
1.899774129851721e-001,2.544691e-09
1.904656942351721e-001,2.879324e-09
1.909539754851721e-001,3.126015e-09
1.914422567351721e-001,3.254785e-09
1.919305379851721e-001,3.249199e-09
1.924188192351721e-001,3.109982e-09
1.929071004851721e-001,2.854855e-09
1.933953817351721e-001,2.514654e-09
1.938836629851721e-001,2.126934e-09
1.943719442351721e-001,1.728981e-09
1.948602254851721e-001,1.352029e-09
1.953485067351721e-001,1.017864e-09
1.958367879851721e-001,7.380367e-10
1.963250692351721e-001,5.151694e-10
1.968133504851721e-001,3.454386e-10
1.973016317351721e-001,2.213206e-10
1.977899129851721e-001,1.339551e-10
1.982781942351721e-001,7.482415e-11
1.987664754851721e-001,3.673235e-11
1.992547567351721e-001,1.423942e-11
1.997430379851721e-001,3.7566e-12
2.007196004851721e-001,1.341598e-11
2.012078817351721e-001,3.520835e-11
2.016961629851721e-001,7.236772e-11
2.021844442351721e-001,1.302389e-10
2.026727254851721e-001,2.159339e-10
2.031610067351721e-001,3.379213e-10
2.036492879851721e-001,5.050798e-10
2.041375692351721e-001,7.250565e-10
2.046258504851721e-001,1.001934e-09
2.051141317351721e-001,1.333489e-09
2.056024129851721e-001,1.708681e-09
2.060906942351721e-001,2.106254e-09
2.065789754851721e-001,2.495399e-09
2.070672567351721e-001,2.839017e-09
2.075555379851721e-001,3.099397e-09
2.080438192351721e-001,3.245186e-09
2.085321004851721e-001,3.257863e-09
2.090203817351721e-001,3.135785e-09
2.095086629851721e-001,2.89456e-09
2.099969442351721e-001,2.563606e-09
2.104852254851721e-001,2.179995e-09
2.109735067351721e-001,1.781422e-09
2.114617879851721e-001,1.400186e-09
2.119500692351721e-001,1.059432e-09
2.124383504851721e-001,7.720355e-10
2.129266317351721e-001,5.416821e-10
2.134149129851721e-001,3.652471e-10
2.139031942351721e-001,2.355505e-10
2.143914754851721e-001,1.437971e-10
2.148797567351721e-001,8.135251e-11
2.153680379851721e-001,4.081014e-11
2.158563192351721e-001,1.648491e-11
2.163446004851721e-001,4.542543e-12
2.173211629851721e-001,1.146242e-11
2.178094442351721e-001,3.150985e-11
2.182977254851721e-001,6.635196e-11
2.187860067351721e-001,1.210869e-10
2.192742879851721e-001,2.026055e-10
2.197625692351721e-001,3.192363e-10
2.202508504851721e-001,4.798823e-10
2.207391317351721e-001,6.924758e-10
2.212274129851721e-001,9.617286e-10
2.217156942351721e-001,1.286418e-09
2.222039754851721e-001,1.656793e-09
2.226922567351721e-001,2.052975e-09
2.231805379851721e-001,2.445298e-09
2.236688192351721e-001,2.797221e-09
2.241571004851721e-001,3.070722e-09
2.246453817351721e-001,3.233196e-09
2.251336629851721e-001,3.264105e-09
2.256219442351721e-001,3.159449e-09
2.261102254851721e-001,2.932658e-09
2.265985067351721e-001,2.611622e-09
2.270867879851721e-001,2.232797e-09
2.275750692351721e-001,1.834186e-09
2.280633504851721e-001,1.449079e-09
2.285516317351721e-001,1.101962e-09
2.290399129851721e-001,8.070583e-10
2.295281942351721e-001,5.691593e-10
2.300164754851721e-001,3.858888e-10
2.305047567351721e-001,2.504546e-10
2.309930379851721e-001,1.541582e-10
2.314813192351721e-001,8.826767e-11
2.319696004851721e-001,4.517352e-11
2.324578817351721e-001,1.894791e-11
2.329461629851721e-001,5.510135e-12
2.339227254851721e-001,9.711515e-12
2.344110067351721e-001,2.807165e-11
2.348992879851721e-001,6.068719e-11
2.353875692351721e-001,1.124089e-10
2.358758504851721e-001,1.899003e-10
2.363641317351721e-001,3.013352e-10
2.368524129851721e-001,4.556129e-10
2.373406942351721e-001,6.60911e-10
2.378289754851721e-001,9.225218e-10
2.383172567351721e-001,1.240174e-09
2.388055379851721e-001,1.605379e-09
2.392938192351721e-001,1.999638e-09
2.397821004851721e-001,2.394482e-09
2.402703817351721e-001,2.754023e-09
2.407586629851721e-001,3.040055e-09
2.412469442351721e-001,3.218841e-09
2.417352254851721e-001,3.267911e-09
2.422235067351721e-001,3.180921e-09
2.427117879851721e-001,2.969069e-09
2.432000692351721e-001,2.658607e-09
2.436883504851721e-001,2.285256e-09
2.441766317351721e-001,1.887203e-09
2.446649129851721e-001,1.498663e-09
2.451531942351721e-001,1.145434e-09
2.456414754851721e-001,8.431051e-10
2.461297567351721e-001,5.976141e-10
2.466180379851721e-001,4.073835e-10
2.471063192351721e-001,2.660544e-10
2.475946004851721e-001,1.650582e-10
2.480828817351721e-001,9.558558e-11
2.485711629851721e-001,4.983406e-11
2.490594442351721e-001,2.163559e-11
2.495477254851721e-001,6.662346e-12
2.505242879851721e-001,8.158e-12
2.510125692351721e-001,2.488417e-11
2.515008504851721e-001,5.535939e-11
2.519891317351721e-001,1.041867e-10
2.524774129851721e-001,1.777974e-10
2.529656942351721e-001,2.841965e-10
2.534539754851721e-001,4.322546e-10
2.539422567351721e-001,6.303554e-10
2.544305379851721e-001,8.843234e-10
2.549188192351721e-001,1.194791e-09
2.554071004851721e-001,1.554496e-09
2.558953817351721e-001,1.946322e-09
2.563836629851721e-001,2.343042e-09
2.568719442351721e-001,2.709512e-09
2.573602254851721e-001,3.007465e-09
2.578485067351721e-001,3.202157e-09
2.583367879851721e-001,3.269272e-09
2.588250692351721e-001,3.20015e-09
2.593133504851721e-001,3.003711e-09
2.598016317351721e-001,2.704472e-09
2.602899129851721e-001,2.337281e-09
2.607781942351721e-001,1.940403e-09
2.612664754851721e-001,1.548889e-09
2.617547567351721e-001,1.189826e-09
2.622430379851721e-001,8.801734e-10
2.627313192351721e-001,6.270581e-10
2.632196004851721e-001,4.297507e-10
2.637078817351721e-001,2.823714e-10
2.641961629851721e-001,1.76517e-10
2.646844442351721e-001,1.033227e-10
2.651727254851721e-001,5.480393e-11
2.656610067351721e-001,2.455572e-11
2.661492879851721e-001,8.002697e-12
2.671258504851721e-001,6.797186e-12
2.676141317351721e-001,2.193844e-11
2.681024129851721e-001,5.035515e-11
2.685906942351721e-001,9.640271e-11
2.690789754851721e-001,1.66276e-10
2.695672567351721e-001,2.677991e-10
2.700555379851721e-001,4.097895e-10
2.705438192351721e-001,6.008005e-10
2.710321004851721e-001,8.47141e-10
2.715203817351721e-001,1.150297e-09
2.720086629851721e-001,1.504199e-09
2.724969442351721e-001,1.893106e-09
2.729852254851721e-001,2.291069e-09
2.734735067351721e-001,2.663777e-09
2.739617879851721e-001,2.973024e-09
2.744500692351721e-001,3.18318e-09
2.749383504851721e-001,3.268185e-09
2.754266317351721e-001,3.217093e-09
2.759149129851721e-001,3.036511e-09
2.764031942351721e-001,2.749123e-09
2.768914754851721e-001,2.388783e-09
2.773797567351721e-001,1.993709e-09
2.778680379851721e-001,1.599708e-09
2.783563192351721e-001,1.235111e-09
2.788446004851721e-001,9.182584e-10
2.793328817351721e-001,6.575017e-10
2.798211629851721e-001,4.53009e-10
2.803094442351721e-001,2.994271e-10
2.807977254851721e-001,1.88555e-10
2.812860067351721e-001,1.114962e-10
2.817742879851721e-001,6.009591e-11
2.822625692351721e-001,2.771663e-11
2.827508504851721e-001,9.535265e-12
2.837274129851721e-001,5.624933e-12
2.842156942351721e-001,1.922605e-11
2.847039754851721e-001,4.566163e-11
2.851922567351721e-001,8.903984e-11
2.856805379851721e-001,1.553157e-10
2.861688192351721e-001,2.521212e-10
2.866571004851721e-001,3.881991e-10
2.871453817351721e-001,5.722363e-10
2.876336629851721e-001,8.109798e-10
2.881219442351721e-001,1.10672e-09
2.886102254851721e-001,1.45454e-09
2.890985067351721e-001,1.840063e-09
2.895867879851721e-001,2.238653e-09
2.900750692351721e-001,2.616911e-09
2.905633504851721e-001,2.936806e-09
2.910516317351721e-001,3.161957e-09
2.915399129851721e-001,3.264651e-09
2.920281942351721e-001,3.231709e-09
2.925164754851721e-001,3.067396e-09
2.930047567351721e-001,2.792471e-09
2.934930379851721e-001,2.439672e-09
2.939813192351721e-001,2.047046e-09
2.944696004851721e-001,1.651064e-09
2.949578817351721e-001,1.281259e-09
2.954461629851721e-001,9.573526e-10
2.959344442351721e-001,6.889537e-10
2.964227254851721e-001,4.771765e-10
2.969110067351721e-001,3.172431e-10
2.973992879851721e-001,2.011929e-10
2.978875692351721e-001,1.201235e-10
2.983758504851721e-001,6.572334e-11
2.988641317351721e-001,3.112725e-11
2.993524129851721e-001,1.126468e-11
3.003289754851721e-001,4.637659e-12
3.008172567351721e-001,1.673917e-11
3.013055379851721e-001,4.126659e-11
3.017938192351721e-001,8.208153e-11
3.022821004851721e-001,1.448964e-10
3.027703817351721e-001,2.371416e-10
3.032586629851721e-001,3.674639e-10
3.037469442351721e-001,5.44651e-10
3.042352254851721e-001,7.758425e-10
3.047235067351721e-001,1.064083e-09
3.052117879851721e-001,1.405567e-09
3.057000692351721e-001,1.787266e-09
3.061883504851721e-001,2.185883e-09
3.066766317351721e-001,2.569005e-09
3.071649129851721e-001,2.898892e-09
3.076531942351721e-001,3.138534e-09
3.081414754851721e-001,3.25868e-09
3.086297567351721e-001,3.243965e-09
3.091180379851721e-001,3.096296e-09
3.096063192351721e-001,2.834427e-09
3.100946004851721e-001,2.489856e-09
3.105828817351721e-001,2.100334e-09
3.110711629851721e-001,1.702901e-09
3.115594442351721e-001,1.328238e-09
3.120477254851721e-001,9.974462e-10
3.125360067351721e-001,7.214208e-10
3.130242879851721e-001,5.022701e-10
3.135125692351721e-001,3.358403e-10
3.140008504851721e-001,2.144517e-10
3.144891317351721e-001,1.292227e-10
3.149774129851721e-001,7.170018e-11
3.154656942351721e-001,3.479709e-11
3.159539754851721e-001,1.319614e-11
3.174188192351721e-001,1.447055e-11
3.179071004851721e-001,3.715837e-11
3.183953817351721e-001,7.551175e-11
3.188836629851721e-001,1.349985e-10
3.193719442351721e-001,2.228384e-10
3.198602254851721e-001,3.475642e-10
3.203485067351721e-001,5.180316e-10
3.208367879851721e-001,7.417295e-10
3.213250692351721e-001,1.022406e-09
3.218133504851721e-001,1.357324e-09
3.223016317351721e-001,1.734784e-09
3.227899129851721e-001,2.132846e-09
3.232781942351721e-001,2.520152e-09
3.237664754851721e-001,2.859362e-09
3.242547567351721e-001,3.112967e-09
3.247430379851721e-001,3.250286e-09
3.252313192351721e-001,3.253833e-09
3.257196004851721e-001,3.123147e-09
3.262078817351721e-001,2.874903e-09
3.266961629851721e-001,2.539242e-09
3.271844442351721e-001,2.153491e-09
3.276727254851721e-001,1.755157e-09
3.281610067351721e-001,1.376013e-09
3.286492879851721e-001,1.038527e-09
3.291375692351721e-001,7.549081e-10
3.296258504851721e-001,5.283061e-10
3.301141317351721e-001,3.5524e-10
3.306024129851721e-001,2.283526e-10
3.310906942351721e-001,1.388124e-10
3.315789754851721e-001,7.804096e-11
3.320672567351721e-001,3.873625e-11
3.325555379851721e-001,1.53354e-11
3.330438192351721e-001,4.127029e-12
3.340203817351721e-001,1.241352e-11
3.345086629851721e-001,3.332594e-11
3.349969442351721e-001,6.931507e-11
3.354852254851721e-001,1.256025e-10
3.359735067351721e-001,2.091905e-10
3.364617879851721e-001,3.284795e-10
3.369500692351721e-001,4.92364e-10
3.374383504851721e-001,7.086388e-10
3.379266317351721e-001,9.81707e-10
3.384149129851721e-001,1.309852e-09
3.389031942351721e-001,1.682682e-09
3.393914754851721e-001,2.079627e-09
3.398797567351721e-001,2.470444e-09
3.403680379851721e-001,2.8183e-09
3.408563192351721e-001,3.085312e-09
3.413446004851721e-001,3.239488e-09
3.418328817351721e-001,3.261288e-09
3.423211629851721e-001,3.147888e-09
3.428094442351721e-001,2.913815e-09
3.432977254851721e-001,2.587737e-09
3.437860067351721e-001,2.206434e-09
3.442742879851721e-001,1.807768e-09
3.447625692351721e-001,1.424544e-09
3.452508504851721e-001,1.080578e-09
3.457391317351721e-001,7.894189e-10
3.462274129851721e-001,5.552994e-10
3.467156942351721e-001,3.754625e-10
3.472039754851721e-001,2.42917e-10
3.476922567351721e-001,1.489115e-10
3.481805379851721e-001,8.476076e-11
3.486688192351721e-001,4.295542e-11
3.491571004851721e-001,1.768879e-11
3.496453817351721e-001,5.00346e-12
3.506219442351721e-001,1.056198e-11
3.511102254851721e-001,2.975882e-11
3.515985067351721e-001,6.347659e-11
3.520867879851721e-001,1.166898e-10
3.525750692351721e-001,1.961763e-10
3.530633504851721e-001,3.101891e-10
3.535516317351721e-001,4.676326e-10
3.540399129851721e-001,6.765668e-10
3.545281942351721e-001,9.419997e-10
3.550164754851721e-001,1.263191e-09
3.555047567351721e-001,1.631023e-09
3.559930379851721e-001,2.026308e-09
3.564813192351721e-001,2.419974e-09
3.569696004851721e-001,2.775792e-09
3.574578817351721e-001,3.055633e-09
3.579461629851721e-001,3.226312e-09
3.584344442351721e-001,3.266313e-09
3.589227254851721e-001,3.170463e-09
3.594110067351721e-001,2.951079e-09
3.598992879851721e-001,2.635249e-09
3.603875692351721e-001,2.259075e-09
3.608758504851721e-001,1.860668e-09
3.613641317351721e-001,1.473787e-09
3.618524129851721e-001,1.123582e-09
3.623406942351721e-001,8.249538e-10
3.628289754851721e-001,5.832638e-10
3.633172567351721e-001,3.965283e-10
3.638055379851721e-001,2.581662e-10
3.642938192351721e-001,1.595396e-10
3.647821004851721e-001,9.187526e-11
3.652703817351721e-001,4.74659e-11
3.657586629851721e-001,2.026319e-11
3.662469442351721e-001,6.062956e-12
3.672235067351721e-001,8.91039e-12
3.677117879851721e-001,2.644714e-11
3.682000692351721e-001,5.798202e-11
3.686883504851721e-001,1.082419e-10
3.691766317351721e-001,1.837749e-10
3.696649129851721e-001,2.926718e-10
3.701531942351721e-001,4.438209e-10
3.706414754851721e-001,6.455075e-10
3.711297567351721e-001,9.032959e-10
3.716180379851721e-001,1.217373e-09
3.721063192351721e-001,1.579867e-09
3.725946004851721e-001,1.972972e-09
3.730828817351721e-001,2.368834e-09
3.735711629851721e-001,2.731926e-09
3.740594442351721e-001,3.023996e-09
3.745477254851721e-001,3.210788e-09
3.750360067351721e-001,3.268898e-09
3.755242879851721e-001,3.190819e-09
3.760125692351721e-001,2.986616e-09
3.765008504851721e-001,2.681686e-09
3.769891317351721e-001,2.311328e-09
3.774774129851721e-001,1.913785e-09
3.779656942351721e-001,1.523699e-09
3.784539754851721e-001,1.167517e-09
3.789422567351721e-001,8.615118e-10
3.794305379851721e-001,6.122117e-10
3.799188192351721e-001,4.184568e-10
3.804071004851721e-001,2.741219e-10
3.808953817351721e-001,1.707165e-10
3.813836629851721e-001,9.94007e-11
3.818719442351721e-001,5.227954e-11
3.823602254851721e-001,2.306609e-11
3.828485067351721e-001,7.308762e-12
3.838250692351721e-001,7.453777e-12
3.843133504851721e-001,2.338163e-11
3.848016317351721e-001,5.281765e-11
3.852899129851721e-001,1.00241e-10
3.857781942351721e-001,1.719653e-10
3.862664754851721e-001,2.759065e-10
3.867547567351721e-001,4.209115e-10
3.872430379851721e-001,6.154535e-10
3.877313192351721e-001,8.656048e-10
3.882196004851721e-001,1.172431e-09
3.887078817351721e-001,1.529271e-09
3.891961629851721e-001,1.919697e-09
3.896844442351721e-001,2.317117e-09
3.901727254851721e-001,2.686792e-09
3.906610067351721e-001,2.990471e-09
3.911492879851721e-001,3.192952e-09
3.916375692351721e-001,3.269034e-09
3.921258504851721e-001,3.20891e-09
3.926141317351721e-001,3.020346e-09
3.931024129851721e-001,2.726955e-09
3.935906942351721e-001,2.363103e-09
3.940789754851721e-001,1.967047e-09
3.945672567351721e-001,1.574228e-09
3.950555379851721e-001,1.212359e-09
3.955438192351721e-001,8.990892e-10
3.960321004851721e-001,6.421544e-10
3.965203817351721e-001,4.412673e-10
3.970086629851721e-001,2.908056e-10
3.974969442351721e-001,1.824623e-10
3.979852254851721e-001,1.073538e-10
3.984735067351721e-001,5.740883e-11
3.989617879851721e-001,2.610553e-11
3.994500692351721e-001,8.744678e-12
4.004266317351721e-001,6.187726e-12
4.009149129851721e-001,2.055358e-11
4.014031942351721e-001,4.797033e-11
4.018914754851721e-001,9.266968e-11
4.023797567351721e-001,1.60727e-10
4.028680379851721e-001,2.598715e-10
4.033563192351721e-001,3.988862e-10
4.038446004851721e-001,5.863953e-10
4.043328817351721e-001,8.289326e-10
4.048211629851721e-001,1.128393e-09
4.053094442351721e-001,1.479287e-09
4.057977254851721e-001,1.866558e-09
4.062860067351721e-001,2.264911e-09
4.067742879851721e-001,2.64048e-09
4.072625692351721e-001,2.955132e-09
4.077508504851721e-001,3.172847e-09
4.082391317351721e-001,3.266723e-09
4.087274129851721e-001,3.224694e-09
4.092156942351721e-001,3.052197e-09
4.097039754851721e-001,2.770965e-09
4.101922567351721e-001,2.41431e-09
4.106805379851721e-001,2.020379e-09
4.111688192351721e-001,1.625323e-09
4.116571004851721e-001,1.258079e-09
4.121453817351721e-001,9.376799e-10
4.126336629851721e-001,6.731012e-10
4.131219442351721e-001,4.64978e-10
4.136102254851721e-001,3.082388e-10
4.140985067351721e-001,1.947977e-10
4.145867879851721e-001,1.15752e-10
4.150750692351721e-001,6.286684e-11
4.155633504851721e-001,2.939015e-11
4.160516317351721e-001,1.037506e-11
4.170281942351721e-001,5.108376e-12
4.175164754851721e-001,1.795489e-11
4.180047567351721e-001,4.342754e-11
4.184930379851721e-001,8.551113e-11
4.189813192351721e-001,1.500397e-10
4.194696004851721e-001,2.445455e-10
4.199578817351721e-001,3.777258e-10
4.204461629851721e-001,5.58322e-10
4.209344442351721e-001,7.932831e-10
4.214227254851721e-001,1.085283e-09
4.219110067351721e-001,1.429965e-09
4.223992879851721e-001,1.81363e-09
4.228875692351721e-001,2.212307e-09
4.233758504851721e-001,2.593082e-09
4.238641317351721e-001,2.918056e-09
4.243524129851721e-001,3.150517e-09
4.248406942351721e-001,3.26197e-09
4.253289754851721e-001,3.238134e-09
4.258172567351721e-001,3.082098e-09
4.263055379851721e-001,2.813629e-09
4.267938192351721e-001,2.464858e-09
4.272821004851721e-001,2.073701e-09
4.277703817351721e-001,1.676926e-09
4.282586629851721e-001,1.304647e-09
4.287469442351721e-001,9.772753e-10
4.292352254851721e-001,7.0506e-10
4.297235067351721e-001,4.896065e-10
4.302117879851721e-001,3.264427e-10
4.307000692351721e-001,2.077434e-10
4.311883504851721e-001,1.24613e-10
4.316766317351721e-001,6.866719e-11
4.321649129851721e-001,3.292915e-11
4.326531942351721e-001,1.220481e-11
4.341180379851721e-001,1.5578e-11
4.346063192351721e-001,3.917733e-11
4.350946004851721e-001,7.874905e-11
4.355828817351721e-001,1.398835e-10
4.360711629851721e-001,2.299068e-10
4.365594442351721e-001,3.574109e-10
4.370477254851721e-001,5.312215e-10
4.375360067351721e-001,7.58658e-10
4.380242879851721e-001,1.043124e-09
4.385125692351721e-001,1.381351e-09
4.390008504851721e-001,1.760981e-09
4.394891317351721e-001,2.159393e-09
4.399774129851721e-001,2.544691e-09
4.404656942351721e-001,2.879324e-09
4.409539754851721e-001,3.126015e-09
4.414422567351721e-001,3.254785e-09
4.419305379851721e-001,3.249199e-09
4.424188192351721e-001,3.109982e-09
4.429071004851721e-001,2.854855e-09
4.433953817351721e-001,2.514654e-09
4.438836629851721e-001,2.126934e-09
4.443719442351721e-001,1.728981e-09
4.448602254851721e-001,1.352029e-09
4.453485067351721e-001,1.017864e-09
4.458367879851721e-001,7.380367e-10
4.463250692351721e-001,5.151694e-10
4.468133504851721e-001,3.454386e-10
4.473016317351721e-001,2.213206e-10
4.477899129851721e-001,1.339551e-10
4.482781942351721e-001,7.482415e-11
4.487664754851721e-001,3.673235e-11
4.492547567351721e-001,1.423942e-11
4.497430379851721e-001,3.7566e-12
4.507196004851721e-001,1.341598e-11
4.512078817351721e-001,3.520835e-11
4.516961629851721e-001,7.236772e-11
4.521844442351721e-001,1.302389e-10
4.526727254851721e-001,2.159339e-10
4.531610067351721e-001,3.379213e-10
4.536492879851721e-001,5.050798e-10
4.541375692351721e-001,7.250565e-10
4.546258504851721e-001,1.001934e-09
4.551141317351721e-001,1.333489e-09
4.556024129851721e-001,1.708681e-09
4.560906942351721e-001,2.106254e-09
4.565789754851721e-001,2.495399e-09
4.570672567351721e-001,2.839017e-09
4.575555379851721e-001,3.099397e-09
4.580438192351721e-001,3.245186e-09
4.585321004851721e-001,3.257863e-09
4.590203817351721e-001,3.135785e-09
4.595086629851721e-001,2.89456e-09
4.599969442351721e-001,2.563606e-09
4.604852254851721e-001,2.179995e-09
4.609735067351721e-001,1.781422e-09
4.614617879851721e-001,1.400186e-09
4.619500692351721e-001,1.059432e-09
4.624383504851721e-001,7.720355e-10
4.629266317351721e-001,5.416821e-10
4.634149129851721e-001,3.652471e-10
4.639031942351721e-001,2.355505e-10
4.643914754851721e-001,1.437971e-10
4.648797567351721e-001,8.135251e-11
4.653680379851721e-001,4.081014e-11
4.658563192351721e-001,1.648491e-11
4.663446004851721e-001,4.542543e-12
4.673211629851721e-001,1.146242e-11
4.678094442351721e-001,3.150985e-11
4.682977254851721e-001,6.635196e-11
4.687860067351721e-001,1.210869e-10
4.692742879851721e-001,2.026055e-10
4.697625692351721e-001,3.192363e-10
4.702508504851721e-001,4.798823e-10
4.707391317351721e-001,6.924758e-10
4.712274129851721e-001,9.617286e-10
4.717156942351721e-001,1.286418e-09
4.722039754851721e-001,1.656793e-09
4.726922567351721e-001,2.052975e-09
4.731805379851721e-001,2.445298e-09
4.736688192351721e-001,2.797221e-09
4.741571004851721e-001,3.070722e-09
4.746453817351721e-001,3.233196e-09
4.751336629851721e-001,3.264105e-09
4.756219442351721e-001,3.159449e-09
4.761102254851721e-001,2.932658e-09
4.765985067351721e-001,2.611622e-09
4.770867879851721e-001,2.232797e-09
4.775750692351721e-001,1.834186e-09
4.780633504851721e-001,1.449079e-09
4.785516317351721e-001,1.101962e-09
4.790399129851721e-001,8.070583e-10
4.795281942351721e-001,5.691593e-10
4.800164754851721e-001,3.858888e-10
4.805047567351721e-001,2.504546e-10
4.809930379851721e-001,1.541582e-10
4.814813192351721e-001,8.826767e-11
4.819696004851721e-001,4.517352e-11
4.824578817351721e-001,1.894791e-11
4.829461629851721e-001,5.510135e-12
4.839227254851721e-001,9.711515e-12
4.844110067351721e-001,2.807165e-11
4.848992879851721e-001,6.068719e-11
4.853875692351721e-001,1.124089e-10
4.858758504851721e-001,1.899003e-10
4.863641317351721e-001,3.013352e-10
4.868524129851721e-001,4.556129e-10
4.873406942351721e-001,6.60911e-10
4.878289754851721e-001,9.225218e-10
4.883172567351721e-001,1.240174e-09
4.888055379851721e-001,1.605379e-09
4.892938192351721e-001,1.999638e-09
4.897821004851721e-001,2.394482e-09
4.902703817351721e-001,2.754023e-09
4.907586629851721e-001,3.040055e-09
4.912469442351721e-001,3.218841e-09
4.917352254851721e-001,3.267911e-09
4.922235067351721e-001,3.180921e-09
4.927117879851721e-001,2.969069e-09
4.932000692351721e-001,2.658607e-09
4.936883504851721e-001,2.285256e-09
4.941766317351721e-001,1.887203e-09
4.946649129851721e-001,1.498663e-09
4.951531942351721e-001,1.145434e-09
4.956414754851721e-001,8.431051e-10
4.961297567351721e-001,5.976141e-10
4.966180379851721e-001,4.073835e-10
4.971063192351721e-001,2.660544e-10
4.975946004851721e-001,1.650582e-10
4.980828817351721e-001,9.558558e-11
4.985711629851721e-001,4.983406e-11
4.990594442351721e-001,2.163559e-11
4.995477254851721e-001,6.479432e-12
5.000000000000000e-001,-2.421476e-16
