0.000000000000000e+000,0.0
5.242879851721227e-004,2.850641e-09
1.012569235172123e-003,8.458942e-08
1.500850485172123e-003,1.679589e-06
1.989131735172123e-003,2.999117e-05
2.477412985172123e-003,0.0004605719
2.965694235172123e-003,0.004903951
3.453975485172123e-003,0.02541625
3.942256735172123e-003,0.07364864
4.430537985172123e-003,0.144486
4.918819235172123e-003,0.2228081
5.407100485172123e-003,0.2981924
5.895381735172123e-003,0.3658491
6.383662985172123e-003,0.4234074
6.871944235172123e-003,0.4693761
7.360225485172123e-003,0.5027521
7.848506735172123e-003,0.5229541
8.336787985172123e-003,0.5296603
8.825069235172123e-003,0.5227666
9.313350485172123e-003,0.5023829
9.801631735172123e-003,0.4688441
1.028991298517212e-002,0.4227452
1.077819423517212e-002,0.365021
1.126647548517212e-002,0.2971286
1.175475673517212e-002,0.2216115
1.224303798517212e-002,0.1433585
1.273131923517212e-002,0.07277364
1.321960048517212e-002,0.0249445
1.370788173517212e-002,0.004765811
1.419616298517212e-002,0.0004437485
1.468444423517212e-002,2.881749e-05
1.517272548517212e-002,1.610452e-06
1.566100673517212e-002,8.067089e-08
1.614928798517212e-002,3.733608e-09
1.712585048517212e-002,2.578498e-09
1.761413173517212e-002,5.643222e-08
1.810241298517212e-002,1.134015e-06
1.859069423517212e-002,2.056853e-05
1.907897548517212e-002,0.0003241018
1.956725673517212e-002,0.003717679
2.005553798517212e-002,0.02121035
2.054381923517212e-002,0.0656256
2.103210048517212e-002,0.1342823
2.152038173517212e-002,0.2123748
2.200866298517212e-002,0.2885004
2.249694423517212e-002,0.3573532
2.298522548517212e-002,0.4163689
2.347350673517212e-002,0.4639585
2.396178798517212e-002,0.4990537
2.445006923517212e-002,0.5210355
2.493835048517212e-002,0.5295518
2.542663173517212e-002,0.5244699
2.591491298517212e-002,0.5058706
2.640319423517212e-002,0.4740576
2.689147548517212e-002,0.429588
2.737975673517212e-002,0.3733439
2.786803798517212e-002,0.3066955
2.835631923517212e-002,0.2319966
2.884460048517212e-002,0.1536735
2.933288173517212e-002,0.08117522
2.982116298517212e-002,0.02962678
3.030944423517212e-002,0.006205586
3.079772548517212e-002,0.0006272733
3.128600673517212e-002,4.192599e-05
3.177428798517212e-002,2.38271e-06
3.226256923517212e-002,1.214697e-07
3.275085048517212e-002,5.655685e-09
3.323913173517212e-002,2.857042e-10
3.372741298517212e-002,1.695696e-09
3.421569423517212e-002,3.759264e-08
3.470397548517212e-002,7.642878e-07
3.519225673517212e-002,1.407283e-05
3.568053798517212e-002,0.0002269542
3.616881923517212e-002,0.002778808
3.665710048517212e-002,0.01751592
3.714538173517212e-002,0.05805155
3.763366298517212e-002,0.1242336
3.812194423517212e-002,0.2018948
3.861022548517212e-002,0.2786736
3.909850673517212e-002,0.3486772
3.958678798517212e-002,0.4091237
4.007506923517212e-002,0.4583182
4.056335048517212e-002,0.495122
4.105163173517212e-002,0.5188772
4.153991298517212e-002,0.5292012
4.202819423517212e-002,0.5259324
4.251647548517212e-002,0.509123
4.300475673517212e-002,0.4790457
4.349303798517212e-002,0.4362208
4.398131923517212e-002,0.3814807
4.446960048517212e-002,0.3161151
4.495788173517212e-002,0.2423076
4.544616298517212e-002,0.164078
4.593444423517212e-002,0.08996415
4.642272548517212e-002,0.03484768
4.691100673517212e-002,0.007963073
4.739928798517212e-002,0.0008806915
4.788756923517212e-002,6.083477e-05
4.837585048517212e-002,3.516562e-06
4.886413173517212e-002,1.815913e-07
4.935241298517212e-002,8.55069e-09
4.984069423517212e-002,3.91152e-10
5.032897548517212e-002,1.114453e-09
5.081725673517212e-002,2.50057e-08
5.130553798517212e-002,5.142122e-07
5.179381923517212e-002,9.606737e-06
5.228210048517212e-002,0.0001582559
5.277038173517212e-002,0.002049999
5.325866298517212e-002,0.01430568
5.374694423517212e-002,0.05095355
5.423522548517212e-002,0.1143787
5.472350673517212e-002,0.1913847
5.521178798517212e-002,0.2687196
5.570006923517212e-002,0.3398256
5.618835048517212e-002,0.4016744
5.667663173517212e-002,0.4524568
5.716491298517212e-002,0.490958
5.765319423517212e-002,0.5164798
5.814147548517212e-002,0.5286087
5.862975673517212e-002,0.5271539
5.911803798517212e-002,0.5121391
5.960631923517212e-002,0.4838066
6.009460048517212e-002,0.4426412
6.058288173517212e-002,0.3894275
6.107116298517212e-002,0.3253807
6.155944423517212e-002,0.2525315
6.204772548517212e-002,0.1745417
6.253600673517212e-002,0.09909446
6.302428798517212e-002,0.0405927
6.351256923517212e-002,0.01006991
6.400085048517212e-002,0.001227904
6.448913173517212e-002,8.801986e-05
6.497741298517212e-002,5.179747e-06
6.546569423517212e-002,2.710505e-07
6.595397548517212e-002,1.290467e-08
6.644225673517212e-002,5.731228e-10
6.693053798517212e-002,7.349136e-10
6.741881923517212e-002,1.660821e-08
6.790710048517212e-002,3.446414e-07
6.839538173517212e-002,6.542274e-06
6.888366298517212e-002,0.0001099433
6.937194423517212e-002,0.00149466
6.986022548517212e-002,0.01154597
7.034850673517212e-002,0.04435487
7.083678798517212e-002,0.1047587
7.132506923517212e-002,0.1808628
7.181335048517212e-002,0.2586462
7.230163173517212e-002,0.3308029
7.278991298517212e-002,0.394024
7.327819423517212e-002,0.4463764
7.376647548517212e-002,0.4865631
7.425475673517212e-002,0.513844
7.474303798517212e-002,0.5277743
7.523131923517212e-002,0.528134
7.571960048517212e-002,0.5149181
7.620788173517212e-002,0.4883391
7.669616298517212e-002,0.4488468
7.718444423517212e-002,0.3971807
7.767272548517212e-002,0.3344865
7.816100673517212e-002,0.2626567
7.864928798517212e-002,0.1850374
7.913756923517212e-002,0.1085399
7.962585048517212e-002,0.0468812
8.011413173517212e-002,0.0125753
8.060241298517212e-002,0.001694947
8.109069423517212e-002,0.0001269568
8.157897548517212e-002,7.613971e-06
8.206725673517212e-002,4.039367e-07
8.255553798517212e-002,1.944383e-08
8.304381923517212e-002,8.631798e-10
8.353210048517212e-002,4.915746e-10
8.402038173517212e-002,1.10135e-08
8.450866298517212e-002,2.311611e-07
8.499694423517212e-002,4.447168e-06
8.548522548517212e-002,7.6128e-05
8.597350673517212e-002,0.001078637
8.646178798517212e-002,0.00920023
8.695006923517212e-002,0.03827485
8.743835048517212e-002,0.09546318
8.792663173517212e-002,0.1704447
8.841491298517212e-002,0.2485909
8.890319423517212e-002,0.3217873
8.939147548517212e-002,0.3862759
8.987975673517212e-002,0.440084
9.036803798517212e-002,0.4819346
9.085631923517212e-002,0.5109701
9.134460048517212e-002,0.5266986
9.183288173517212e-002,0.5288725
9.232116298517212e-002,0.5174592
9.280944423517212e-002,0.4926415
9.329772548517212e-002,0.4548354
9.378600673517212e-002,0.4047369
9.427428798517212e-002,0.3434269
9.476256923517212e-002,0.2726725
9.525085048517212e-002,0.1955411
9.573913173517212e-002,0.1182494
9.622741298517212e-002,0.0536813
9.671569423517212e-002,0.01550938
9.720397548517212e-002,0.002314381
9.769225673517212e-002,0.0001824857
9.818053798517212e-002,1.116845e-05
9.866881923517212e-002,6.009827e-07
9.915710048517212e-002,2.925134e-08
9.964538173517212e-002,1.311457e-09
1.001336629851721e-001,3.42268e-10
1.006219442351721e-001,7.291193e-09
1.011102254851721e-001,1.54801e-07
1.015985067351721e-001,3.01691e-06
1.020867879851721e-001,5.255518e-05
1.025750692351721e-001,0.0007716077
1.030633504851721e-001,0.007226893
1.035516317351721e-001,0.03271855
1.040399129851721e-001,0.08645482
1.045281942351721e-001,0.1600041
1.050164754851721e-001,0.2383377
1.055047567351721e-001,0.3124622
1.059930379851721e-001,0.378247
1.064813192351721e-001,0.4335725
1.069696004851721e-001,0.4770811
1.074578817351721e-001,0.5078598
1.079461629851721e-001,0.5253814
1.084344442351721e-001,0.5293691
1.089227254851721e-001,0.5197617
1.094110067351721e-001,0.4967126
1.098992879851721e-001,0.4606049
1.103875692351721e-001,0.412093
1.108758504851721e-001,0.3521967
1.113641317351721e-001,0.2825692
1.118524129851721e-001,0.206031
1.123406942351721e-001,0.1281801
1.128289754851721e-001,0.06097205
1.133172567351721e-001,0.01890792
1.138055379851721e-001,0.003121546
1.142938192351721e-001,0.0002612775
1.147821004851721e-001,1.634616e-05
1.152703817351721e-001,8.926313e-07
1.157586629851721e-001,4.39399e-08
1.162469442351721e-001,1.995107e-09
1.167352254851721e-001,2.610341e-10
1.172235067351721e-001,4.818097e-09
1.177117879851721e-001,1.035055e-07
1.182000692351721e-001,2.042655e-06
1.186883504851721e-001,3.618131e-05
1.191766317351721e-001,0.0005478922
1.196649129851721e-001,0.005601359
1.201531942351721e-001,0.02771688
1.206414754851721e-001,0.0778189
1.211297567351721e-001,0.1496345
1.216180379851721e-001,0.2280024
1.221063192351721e-001,0.3029856
1.225946004851721e-001,0.3700284
1.230828817351721e-001,0.4268485
1.235711629851721e-001,0.4720009
1.240594442351721e-001,0.5045134
1.245477254851721e-001,0.5238233
1.250360067351721e-001,0.5296237
1.255242879851721e-001,0.521825
1.260125692351721e-001,0.5005512
1.265008504851721e-001,0.4661534
1.269891317351721e-001,0.4192458
1.274774129851721e-001,0.360791
1.279656942351721e-001,0.2922919
1.284539754851721e-001,0.2163955
1.289422567351721e-001,0.1382449
1.294305379851721e-001,0.06872912
1.299188192351721e-001,0.02280293
1.304071004851721e-001,0.00415365
1.308953817351721e-001,0.0003724057
1.313836629851721e-001,2.386914e-05
1.318719442351721e-001,1.323485e-06
1.323602254851721e-001,6.590628e-08
1.328485067351721e-001,3.031232e-09
1.338250692351721e-001,3.177532e-09
1.343133504851721e-001,6.910349e-08
1.348016317351721e-001,1.380415e-06
1.352899129851721e-001,2.484452e-05
1.357781942351721e-001,0.0003866131
1.362664754851721e-001,0.004277571
1.367547567351721e-001,0.02324801
1.372430379851721e-001,0.06958285
1.377313192351721e-001,0.1393671
1.382196004851721e-001,0.2175983
1.387078817351721e-001,0.2933637
1.391961629851721e-001,0.3616239
1.396844442351721e-001,0.4199141
1.401727254851721e-001,0.4666953
1.406610067351721e-001,0.5009322
1.411492879851721e-001,0.5220248
1.416375692351721e-001,0.5296363
1.421258504851721e-001,0.5236483
1.426141317351721e-001,0.5041561
1.431024129851721e-001,0.471479
1.435906942351721e-001,0.4261927
1.440789754851721e-001,0.3692055
1.445672567351721e-001,0.30193
1.450555379851721e-001,0.2268124
1.455438192351721e-001,0.1485028
1.460321004851721e-001,0.07692374
1.465203817351721e-001,0.02721862
1.470086629851721e-001,0.005448257
1.474969442351721e-001,0.0005280019
1.479852254851721e-001,3.477004e-05
1.484735067351721e-001,1.958736e-06
1.489617879851721e-001,9.87057e-08
1.494500692351721e-001,4.596381e-09
1.499383504851721e-001,2.55527e-10
1.504266317351721e-001,2.091412e-09
1.509149129851721e-001,4.60675e-08
1.514031942351721e-001,9.311797e-07
1.518914754851721e-001,1.701838e-05
1.523797567351721e-001,0.0002713662
1.528680379851721e-001,0.003219651
1.533563192351721e-001,0.01930071
1.538446004851721e-001,0.06178067
1.543328817351721e-001,0.1292362
1.548211629851721e-001,0.2071397
1.553094442351721e-001,0.2836034
1.557977254851721e-001,0.3530374
1.562860067351721e-001,0.4127719
1.567742879851721e-001,0.4611661
1.572625692351721e-001,0.497117
1.577508504851721e-001,0.5199863
1.582391317351721e-001,0.5294068
1.587274129851721e-001,0.5252312
1.592156942351721e-001,0.5075262
1.597039754851721e-001,0.47658
1.601922567351721e-001,0.4329308
1.606805379851721e-001,0.3774358
1.611688192351721e-001,0.3114241
1.616571004851721e-001,0.2371622
1.621453817351721e-001,0.1588665
1.626336629851721e-001,0.08552361
1.631219442351721e-001,0.03216976
1.636102254851721e-001,0.00704235
1.640985067351721e-001,0.0007439452
1.645867879851721e-001,5.052038e-05
1.650750692351721e-001,2.895343e-06
1.655633504851721e-001,1.485471e-07
1.660516317351721e-001,6.955748e-09
1.665399129851721e-001,3.30273e-10
1.670281942351721e-001,1.374588e-09
1.675164754851721e-001,3.066559e-08
1.680047567351721e-001,6.270355e-07
1.684930379851721e-001,1.163052e-05
1.689813192351721e-001,0.0001896108
1.694696004851721e-001,0.00239047
1.699578817351721e-001,0.01585227
1.704461629851721e-001,0.0544415
1.709344442351721e-001,0.1192794
1.714227254851721e-001,0.1966424
1.719110067351721e-001,0.2737121
1.723992879851721e-001,0.3442731
1.728875692351721e-001,0.4054244
1.733758504851721e-001,0.455415
1.738641317351721e-001,0.493069
1.743524129851721e-001,0.5177084
1.748406942351721e-001,0.5289352
1.753289754851721e-001,0.5265733
1.758172567351721e-001,0.5106606
1.763055379851721e-001,0.4814547
1.767938192351721e-001,0.4394577
1.772821004851721e-001,0.3854781
1.777703817351721e-001,0.3207675
1.782586629851721e-001,0.2474312
1.787469442351721e-001,0.1693042
1.792352254851721e-001,0.09449189
1.797235067351721e-001,0.03766005
1.802117879851721e-001,0.008972286
1.807000692351721e-001,0.001040488
1.811883504851721e-001,7.320278e-05
1.816766317351721e-001,4.268963e-06
1.821649129851721e-001,2.219002e-07
1.826531942351721e-001,1.050669e-08
1.831414754851721e-001,4.709594e-10
1.836297567351721e-001,9.042176e-10
1.841180379851721e-001,2.03828e-08
1.846063192351721e-001,4.215126e-07
1.850946004851721e-001,7.930801e-06
1.855828817351721e-001,0.0001319639
1.860711629851721e-001,0.001752856
1.865594442351721e-001,0.01287176
1.870477254851721e-001,0.04759049
1.875360067351721e-001,0.1095367
1.880242879851721e-001,0.186124
1.885125692351721e-001,0.2636973
1.890008504851721e-001,0.3353353
1.894891317351721e-001,0.3978742
1.899774129851721e-001,0.4494439
1.904656942351721e-001,0.4887893
1.909539754851721e-001,0.5151917
1.914422567351721e-001,0.5282217
1.919305379851721e-001,0.5276741
1.924188192351721e-001,0.5135583
1.929071004851721e-001,0.4861015
1.933953817351721e-001,0.445771
1.938836629851721e-001,0.3933285
1.943719442351721e-001,0.329954
1.948602254851721e-001,0.2576071
1.953485067351721e-001,0.1797871
1.958367879851721e-001,0.1037815
1.963250692351721e-001,0.04367184
1.968133504851721e-001,0.01127132
1.973016317351721e-001,0.00144447
1.977899129851721e-001,0.0001057538
1.982781942351721e-001,6.281638e-06
1.987664754851721e-001,3.309555e-07
1.992547567351721e-001,1.584347e-08
1.997430379851721e-001,7.020235e-10
2.002313192351721e-001,5.993024e-10
2.007196004851721e-001,1.352732e-08
2.012078817351721e-001,2.823114e-07
2.016961629851721e-001,5.395324e-06
2.021844442351721e-001,9.152236e-05
2.026727254851721e-001,0.001271232
2.031610067351721e-001,0.01032367
2.036492879851721e-001,0.041249
2.041375692351721e-001,0.10005
2.046258504851721e-001,0.1756037
2.051141317351721e-001,0.2535674
2.056024129851721e-001,0.326229
2.060906942351721e-001,0.3901242
2.065789754851721e-001,0.4432546
2.070672567351721e-001,0.4842795
2.075555379851721e-001,0.512437
2.080438192351721e-001,0.5272666
2.085321004851721e-001,0.5285335
2.090203817351721e-001,0.5162185
2.095086629851721e-001,0.4905191
2.099969442351721e-001,0.4518683
2.104852254851721e-001,0.4009836
2.109735067351721e-001,0.3389777
2.114617879851721e-001,0.2676789
2.119500692351721e-001,0.1902897
2.124383504851721e-001,0.1133643
2.129266317351721e-001,0.05021852
2.134149129851721e-001,0.01398646
2.139031942351721e-001,0.001983469
2.143914754851721e-001,0.0001522794
2.148797567351721e-001,9.224002e-06
2.153680379851721e-001,4.928087e-07
2.158563192351721e-001,2.385316e-08
2.163446004851721e-001,1.063477e-09
2.168328817351721e-001,4.071068e-10
2.173211629851721e-001,8.963076e-09
2.178094442351721e-001,1.892034e-07
2.182977254851721e-001,3.663789e-06
2.187860067351721e-001,6.327556e-05
2.192742879851721e-001,0.0009132166
2.197625692351721e-001,0.008171014
2.202508504851721e-001,0.03543402
2.207391317351721e-001,0.09091814
2.212274129851721e-001,0.1652173
2.217156942351721e-001,0.2434753
2.222039754851721e-001,0.3171441
2.226922567351721e-001,0.3822854
2.231805379851721e-001,0.436855
2.236688192351721e-001,0.4795363
2.241571004851721e-001,0.5094445
2.246453817351721e-001,0.5260701
2.251336629851721e-001,0.5291511
2.256219442351721e-001,0.5186404
2.261102254851721e-001,0.494706
2.265985067351721e-001,0.4577476
2.270867879851721e-001,0.4084401
2.275750692351721e-001,0.3478334
2.280633504851721e-001,0.2776363
2.285516317351721e-001,0.200789
2.290399129851721e-001,0.1231897
2.295281942351721e-001,0.0572668
2.300164754851721e-001,0.01714847
2.305047567351721e-001,0.002692196
2.309930379851721e-001,0.0002184703
2.314813192351721e-001,1.351533e-05
2.319696004851721e-001,7.325898e-07
2.324578817351721e-001,3.585776e-08
2.329461629851721e-001,1.617668e-09
2.334344442351721e-001,2.942668e-10
2.339227254851721e-001,5.92845e-09
2.344110067351721e-001,1.26605e-07
2.348992879851721e-001,2.483034e-06
2.353875692351721e-001,4.362091e-05
2.358758504851721e-001,0.0006507512
2.363641317351721e-001,0.006374231
2.368524129851721e-001,0.03015092
2.373406942351721e-001,0.08208921
2.378289754851721e-001,0.1548086
2.383172567351721e-001,0.2331795
2.388055379851721e-001,0.3077424
2.392938192351721e-001,0.3741612
2.397821004851721e-001,0.4302369
2.402703817351721e-001,0.4745693
2.407586629851721e-001,0.506216
2.412469442351721e-001,0.5246325
2.417352254851721e-001,0.5295267
2.422235067351721e-001,0.5208233
2.427117879851721e-001,0.498661
2.432000692351721e-001,0.4634069
2.436883504851721e-001,0.415695
2.441766317351721e-001,0.3565161
2.446649129851721e-001,0.2874211
2.451531942351721e-001,0.2111666
2.456414754851721e-001,0.1331665
2.461297567351721e-001,0.06479412
2.466180379851721e-001,0.02079173
2.471063192351721e-001,0.003607126
2.475946004851721e-001,0.0003121211
2.480828817351721e-001,1.975852e-05
2.485711629851721e-001,1.087158e-06
2.490594442351721e-001,5.382374e-08
2.495477254851721e-001,2.459755e-09
2.500360067351721e-001,2.411358e-10
2.505242879851721e-001,3.913754e-09
2.510125692351721e-001,8.458873e-08
2.515008504851721e-001,1.679588e-06
2.519891317351721e-001,2.999117e-05
2.524774129851721e-001,0.0004605719
2.529656942351721e-001,0.004903951
2.534539754851721e-001,0.02541625
2.539422567351721e-001,0.07364864
2.544305379851721e-001,0.144486
2.549188192351721e-001,0.2228081
2.554071004851721e-001,0.2981924
2.558953817351721e-001,0.3658491
2.563836629851721e-001,0.4234074
2.568719442351721e-001,0.4693761
2.573602254851721e-001,0.5027521
2.578485067351721e-001,0.5229541
2.583367879851721e-001,0.5296603
2.588250692351721e-001,0.5227666
2.593133504851721e-001,0.5023829
2.598016317351721e-001,0.4688441
2.602899129851721e-001,0.4227452
2.607781942351721e-001,0.365021
2.612664754851721e-001,0.2971286
2.617547567351721e-001,0.2216115
2.622430379851721e-001,0.1433585
2.627313192351721e-001,0.07277364
2.632196004851721e-001,0.0249445
2.637078817351721e-001,0.004765811
2.641961629851721e-001,0.0004437485
2.646844442351721e-001,2.881749e-05
2.651727254851721e-001,1.610452e-06
2.656610067351721e-001,8.067089e-08
2.661492879851721e-001,3.733608e-09
2.671258504851721e-001,2.578498e-09
2.676141317351721e-001,5.643222e-08
2.681024129851721e-001,1.134015e-06
2.685906942351721e-001,2.056853e-05
2.690789754851721e-001,0.0003241018
2.695672567351721e-001,0.003717679
2.700555379851721e-001,0.02121035
2.705438192351721e-001,0.0656256
2.710321004851721e-001,0.1342823
2.715203817351721e-001,0.2123748
2.720086629851721e-001,0.2885004
2.724969442351721e-001,0.3573532
2.729852254851721e-001,0.4163689
2.734735067351721e-001,0.4639585
2.739617879851721e-001,0.4990537
2.744500692351721e-001,0.5210355
2.749383504851721e-001,0.5295518
2.754266317351721e-001,0.5244699
2.759149129851721e-001,0.5058706
2.764031942351721e-001,0.4740576
2.768914754851721e-001,0.429588
2.773797567351721e-001,0.3733439
2.778680379851721e-001,0.3066955
2.783563192351721e-001,0.2319966
2.788446004851721e-001,0.1536735
2.793328817351721e-001,0.08117522
2.798211629851721e-001,0.02962678
2.803094442351721e-001,0.006205586
2.807977254851721e-001,0.0006272733
2.812860067351721e-001,4.192599e-05
2.817742879851721e-001,2.38271e-06
2.822625692351721e-001,1.214697e-07
2.827508504851721e-001,5.655685e-09
2.832391317351721e-001,2.857042e-10
2.837274129851721e-001,1.695696e-09
2.842156942351721e-001,3.759264e-08
2.847039754851721e-001,7.642878e-07
2.851922567351721e-001,1.407283e-05
2.856805379851721e-001,0.0002269542
2.861688192351721e-001,0.002778808
2.866571004851721e-001,0.01751592
2.871453817351721e-001,0.05805155
2.876336629851721e-001,0.1242336
2.881219442351721e-001,0.2018948
2.886102254851721e-001,0.2786736
2.890985067351721e-001,0.3486772
2.895867879851721e-001,0.4091237
2.900750692351721e-001,0.4583182
2.905633504851721e-001,0.495122
2.910516317351721e-001,0.5188772
2.915399129851721e-001,0.5292012
2.920281942351721e-001,0.5259324
2.925164754851721e-001,0.509123
2.930047567351721e-001,0.4790457
2.934930379851721e-001,0.4362208
2.939813192351721e-001,0.3814807
2.944696004851721e-001,0.3161151
2.949578817351721e-001,0.2423076
2.954461629851721e-001,0.164078
2.959344442351721e-001,0.08996415
2.964227254851721e-001,0.03484768
2.969110067351721e-001,0.007963073
2.973992879851721e-001,0.0008806915
2.978875692351721e-001,6.083477e-05
2.983758504851721e-001,3.516562e-06
2.988641317351721e-001,1.815913e-07
2.993524129851721e-001,8.55069e-09
2.998406942351721e-001,3.91152e-10
3.003289754851721e-001,1.114453e-09
3.008172567351721e-001,2.50057e-08
3.013055379851721e-001,5.142122e-07
3.017938192351721e-001,9.606737e-06
3.022821004851721e-001,0.0001582559
3.027703817351721e-001,0.002049999
3.032586629851721e-001,0.01430568
3.037469442351721e-001,0.05095355
3.042352254851721e-001,0.1143787
3.047235067351721e-001,0.1913847
3.052117879851721e-001,0.2687196
3.057000692351721e-001,0.3398256
3.061883504851721e-001,0.4016744
3.066766317351721e-001,0.4524568
3.071649129851721e-001,0.490958
3.076531942351721e-001,0.5164798
3.081414754851721e-001,0.5286087
3.086297567351721e-001,0.5271539
3.091180379851721e-001,0.5121391
3.096063192351721e-001,0.4838066
3.100946004851721e-001,0.4426412
3.105828817351721e-001,0.3894275
3.110711629851721e-001,0.3253807
3.115594442351721e-001,0.2525315
3.120477254851721e-001,0.1745417
3.125360067351721e-001,0.09909446
3.130242879851721e-001,0.0405927
3.135125692351721e-001,0.01006991
3.140008504851721e-001,0.001227904
3.144891317351721e-001,8.801986e-05
3.149774129851721e-001,5.179747e-06
3.154656942351721e-001,2.710505e-07
3.159539754851721e-001,1.290467e-08
3.164422567351721e-001,5.731228e-10
3.169305379851721e-001,7.349136e-10
3.174188192351721e-001,1.660821e-08
3.179071004851721e-001,3.446414e-07
3.183953817351721e-001,6.542274e-06
3.188836629851721e-001,0.0001099433
3.193719442351721e-001,0.00149466
3.198602254851721e-001,0.01154597
3.203485067351721e-001,0.04435487
3.208367879851721e-001,0.1047587
3.213250692351721e-001,0.1808628
3.218133504851721e-001,0.2586462
3.223016317351721e-001,0.3308029
3.227899129851721e-001,0.394024
3.232781942351721e-001,0.4463764
3.237664754851721e-001,0.4865631
3.242547567351721e-001,0.513844
3.247430379851721e-001,0.5277743
3.252313192351721e-001,0.528134
3.257196004851721e-001,0.5149181
3.262078817351721e-001,0.4883391
3.266961629851721e-001,0.4488468
3.271844442351721e-001,0.3971807
3.276727254851721e-001,0.3344865
3.281610067351721e-001,0.2626567
3.286492879851721e-001,0.1850374
3.291375692351721e-001,0.1085399
3.296258504851721e-001,0.0468812
3.301141317351721e-001,0.0125753
3.306024129851721e-001,0.001694947
3.310906942351721e-001,0.0001269568
3.315789754851721e-001,7.613971e-06
3.320672567351721e-001,4.039367e-07
3.325555379851721e-001,1.944383e-08
3.330438192351721e-001,8.631798e-10
3.335321004851721e-001,4.915746e-10
3.340203817351721e-001,1.10135e-08
3.345086629851721e-001,2.311611e-07
3.349969442351721e-001,4.447168e-06
3.354852254851721e-001,7.6128e-05
3.359735067351721e-001,0.001078637
3.364617879851721e-001,0.00920023
3.369500692351721e-001,0.03827485
3.374383504851721e-001,0.09546318
3.379266317351721e-001,0.1704447
3.384149129851721e-001,0.2485909
3.389031942351721e-001,0.3217873
3.393914754851721e-001,0.3862759
3.398797567351721e-001,0.440084
3.403680379851721e-001,0.4819346
3.408563192351721e-001,0.5109701
3.413446004851721e-001,0.5266986
3.418328817351721e-001,0.5288725
3.423211629851721e-001,0.5174592
3.428094442351721e-001,0.4926415
3.432977254851721e-001,0.4548354
3.437860067351721e-001,0.4047369
3.442742879851721e-001,0.3434269
3.447625692351721e-001,0.2726725
3.452508504851721e-001,0.1955411
3.457391317351721e-001,0.1182494
3.462274129851721e-001,0.0536813
3.467156942351721e-001,0.01550938
3.472039754851721e-001,0.002314381
3.476922567351721e-001,0.0001824857
3.481805379851721e-001,1.116845e-05
3.486688192351721e-001,6.009827e-07
3.491571004851721e-001,2.925134e-08
3.496453817351721e-001,1.311457e-09
3.501336629851721e-001,3.42268e-10
3.506219442351721e-001,7.291193e-09
3.511102254851721e-001,1.54801e-07
3.515985067351721e-001,3.01691e-06
3.520867879851721e-001,5.255518e-05
3.525750692351721e-001,0.0007716077
3.530633504851721e-001,0.007226893
3.535516317351721e-001,0.03271855
3.540399129851721e-001,0.08645482
3.545281942351721e-001,0.1600041
3.550164754851721e-001,0.2383377
3.555047567351721e-001,0.3124622
3.559930379851721e-001,0.378247
3.564813192351721e-001,0.4335725
3.569696004851721e-001,0.4770811
3.574578817351721e-001,0.5078598
3.579461629851721e-001,0.5253814
3.584344442351721e-001,0.5293691
3.589227254851721e-001,0.5197617
3.594110067351721e-001,0.4967126
3.598992879851721e-001,0.4606049
3.603875692351721e-001,0.412093
3.608758504851721e-001,0.3521967
3.613641317351721e-001,0.2825692
3.618524129851721e-001,0.206031
3.623406942351721e-001,0.1281801
3.628289754851721e-001,0.06097205
3.633172567351721e-001,0.01890792
3.638055379851721e-001,0.003121546
3.642938192351721e-001,0.0002612775
3.647821004851721e-001,1.634616e-05
3.652703817351721e-001,8.926313e-07
3.657586629851721e-001,4.39399e-08
3.662469442351721e-001,1.995107e-09
3.667352254851721e-001,2.610341e-10
3.672235067351721e-001,4.818097e-09
3.677117879851721e-001,1.035055e-07
3.682000692351721e-001,2.042655e-06
3.686883504851721e-001,3.618131e-05
3.691766317351721e-001,0.0005478922
3.696649129851721e-001,0.005601359
3.701531942351721e-001,0.02771688
3.706414754851721e-001,0.0778189
3.711297567351721e-001,0.1496345
3.716180379851721e-001,0.2280024
3.721063192351721e-001,0.3029856
3.725946004851721e-001,0.3700284
3.730828817351721e-001,0.4268485
3.735711629851721e-001,0.4720009
3.740594442351721e-001,0.5045134
3.745477254851721e-001,0.5238233
3.750360067351721e-001,0.5296237
3.755242879851721e-001,0.521825
3.760125692351721e-001,0.5005512
3.765008504851721e-001,0.4661534
3.769891317351721e-001,0.4192458
3.774774129851721e-001,0.360791
3.779656942351721e-001,0.2922919
3.784539754851721e-001,0.2163955
3.789422567351721e-001,0.1382449
3.794305379851721e-001,0.06872912
3.799188192351721e-001,0.02280293
3.804071004851721e-001,0.00415365
3.808953817351721e-001,0.0003724057
3.813836629851721e-001,2.386914e-05
3.818719442351721e-001,1.323485e-06
3.823602254851721e-001,6.590628e-08
3.828485067351721e-001,3.031232e-09
3.838250692351721e-001,3.177532e-09
3.843133504851721e-001,6.910349e-08
3.848016317351721e-001,1.380415e-06
3.852899129851721e-001,2.484452e-05
3.857781942351721e-001,0.0003866131
3.862664754851721e-001,0.004277571
3.867547567351721e-001,0.02324801
3.872430379851721e-001,0.06958285
3.877313192351721e-001,0.1393671
3.882196004851721e-001,0.2175983
3.887078817351721e-001,0.2933637
3.891961629851721e-001,0.3616239
3.896844442351721e-001,0.4199141
3.901727254851721e-001,0.4666953
3.906610067351721e-001,0.5009322
3.911492879851721e-001,0.5220248
3.916375692351721e-001,0.5296363
3.921258504851721e-001,0.5236483
3.926141317351721e-001,0.5041561
3.931024129851721e-001,0.471479
3.935906942351721e-001,0.4261927
3.940789754851721e-001,0.3692055
3.945672567351721e-001,0.30193
3.950555379851721e-001,0.2268124
3.955438192351721e-001,0.1485028
3.960321004851721e-001,0.07692374
3.965203817351721e-001,0.02721862
3.970086629851721e-001,0.005448257
3.974969442351721e-001,0.0005280019
3.979852254851721e-001,3.477004e-05
3.984735067351721e-001,1.958736e-06
3.989617879851721e-001,9.87057e-08
3.994500692351721e-001,4.596381e-09
3.999383504851721e-001,2.55527e-10
4.004266317351721e-001,2.091412e-09
4.009149129851721e-001,4.60675e-08
4.014031942351721e-001,9.311797e-07
4.018914754851721e-001,1.701838e-05
4.023797567351721e-001,0.0002713662
4.028680379851721e-001,0.003219651
4.033563192351721e-001,0.01930071
4.038446004851721e-001,0.06178067
4.043328817351721e-001,0.1292362
4.048211629851721e-001,0.2071397
4.053094442351721e-001,0.2836034
4.057977254851721e-001,0.3530374
4.062860067351721e-001,0.4127719
4.067742879851721e-001,0.4611661
4.072625692351721e-001,0.497117
4.077508504851721e-001,0.5199863
4.082391317351721e-001,0.5294068
4.087274129851721e-001,0.5252312
4.092156942351721e-001,0.5075262
4.097039754851721e-001,0.47658
4.101922567351721e-001,0.4329308
4.106805379851721e-001,0.3774358
4.111688192351721e-001,0.3114241
4.116571004851721e-001,0.2371622
4.121453817351721e-001,0.1588665
4.126336629851721e-001,0.08552361
4.131219442351721e-001,0.03216976
4.136102254851721e-001,0.00704235
4.140985067351721e-001,0.0007439452
4.145867879851721e-001,5.052038e-05
4.150750692351721e-001,2.895343e-06
4.155633504851721e-001,1.485471e-07
4.160516317351721e-001,6.955748e-09
4.165399129851721e-001,3.30273e-10
4.170281942351721e-001,1.374588e-09
4.175164754851721e-001,3.066559e-08
4.180047567351721e-001,6.270355e-07
4.184930379851721e-001,1.163052e-05
4.189813192351721e-001,0.0001896108
4.194696004851721e-001,0.00239047
4.199578817351721e-001,0.01585227
4.204461629851721e-001,0.0544415
4.209344442351721e-001,0.1192794
4.214227254851721e-001,0.1966424
4.219110067351721e-001,0.2737121
4.223992879851721e-001,0.3442731
4.228875692351721e-001,0.4054244
4.233758504851721e-001,0.455415
4.238641317351721e-001,0.493069
4.243524129851721e-001,0.5177084
4.248406942351721e-001,0.5289352
4.253289754851721e-001,0.5265733
4.258172567351721e-001,0.5106606
4.263055379851721e-001,0.4814547
4.267938192351721e-001,0.4394577
4.272821004851721e-001,0.3854781
4.277703817351721e-001,0.3207675
4.282586629851721e-001,0.2474312
4.287469442351721e-001,0.1693042
4.292352254851721e-001,0.09449189
4.297235067351721e-001,0.03766005
4.302117879851721e-001,0.008972286
4.307000692351721e-001,0.001040488
4.311883504851721e-001,7.320278e-05
4.316766317351721e-001,4.268963e-06
4.321649129851721e-001,2.219002e-07
4.326531942351721e-001,1.050669e-08
4.331414754851721e-001,4.709594e-10
4.336297567351721e-001,9.042176e-10
4.341180379851721e-001,2.03828e-08
4.346063192351721e-001,4.215126e-07
4.350946004851721e-001,7.930801e-06
4.355828817351721e-001,0.0001319639
4.360711629851721e-001,0.001752856
4.365594442351721e-001,0.01287176
4.370477254851721e-001,0.04759049
4.375360067351721e-001,0.1095367
4.380242879851721e-001,0.186124
4.385125692351721e-001,0.2636973
4.390008504851721e-001,0.3353353
4.394891317351721e-001,0.3978742
4.399774129851721e-001,0.4494439
4.404656942351721e-001,0.4887893
4.409539754851721e-001,0.5151917
4.414422567351721e-001,0.5282217
4.419305379851721e-001,0.5276741
4.424188192351721e-001,0.5135583
4.429071004851721e-001,0.4861015
4.433953817351721e-001,0.445771
4.438836629851721e-001,0.3933285
4.443719442351721e-001,0.329954
4.448602254851721e-001,0.2576071
4.453485067351721e-001,0.1797871
4.458367879851721e-001,0.1037815
4.463250692351721e-001,0.04367184
4.468133504851721e-001,0.01127132
4.473016317351721e-001,0.00144447
4.477899129851721e-001,0.0001057538
4.482781942351721e-001,6.281638e-06
4.487664754851721e-001,3.309555e-07
4.492547567351721e-001,1.584347e-08
4.497430379851721e-001,7.020235e-10
4.502313192351721e-001,5.993024e-10
4.507196004851721e-001,1.352732e-08
4.512078817351721e-001,2.823114e-07
4.516961629851721e-001,5.395324e-06
4.521844442351721e-001,9.152236e-05
4.526727254851721e-001,0.001271232
4.531610067351721e-001,0.01032367
4.536492879851721e-001,0.041249
4.541375692351721e-001,0.10005
4.546258504851721e-001,0.1756037
4.551141317351721e-001,0.2535674
4.556024129851721e-001,0.326229
4.560906942351721e-001,0.3901242
4.565789754851721e-001,0.4432546
4.570672567351721e-001,0.4842795
4.575555379851721e-001,0.512437
4.580438192351721e-001,0.5272666
4.585321004851721e-001,0.5285335
4.590203817351721e-001,0.5162185
4.595086629851721e-001,0.4905191
4.599969442351721e-001,0.4518683
4.604852254851721e-001,0.4009836
4.609735067351721e-001,0.3389777
4.614617879851721e-001,0.2676789
4.619500692351721e-001,0.1902897
4.624383504851721e-001,0.1133643
4.629266317351721e-001,0.05021852
4.634149129851721e-001,0.01398646
4.639031942351721e-001,0.001983469
4.643914754851721e-001,0.0001522794
4.648797567351721e-001,9.224002e-06
4.653680379851721e-001,4.928087e-07
4.658563192351721e-001,2.385316e-08
4.663446004851721e-001,1.063477e-09
4.668328817351721e-001,4.071068e-10
4.673211629851721e-001,8.963076e-09
4.678094442351721e-001,1.892034e-07
4.682977254851721e-001,3.663789e-06
4.687860067351721e-001,6.327556e-05
4.692742879851721e-001,0.0009132166
4.697625692351721e-001,0.008171014
4.702508504851721e-001,0.03543402
4.707391317351721e-001,0.09091814
4.712274129851721e-001,0.1652173
4.717156942351721e-001,0.2434753
4.722039754851721e-001,0.3171441
4.726922567351721e-001,0.3822854
4.731805379851721e-001,0.436855
4.736688192351721e-001,0.4795363
4.741571004851721e-001,0.5094445
4.746453817351721e-001,0.5260701
4.751336629851721e-001,0.5291511
4.756219442351721e-001,0.5186404
4.761102254851721e-001,0.494706
4.765985067351721e-001,0.4577476
4.770867879851721e-001,0.4084401
4.775750692351721e-001,0.3478334
4.780633504851721e-001,0.2776363
4.785516317351721e-001,0.200789
4.790399129851721e-001,0.1231897
4.795281942351721e-001,0.0572668
4.800164754851721e-001,0.01714847
4.805047567351721e-001,0.002692196
4.809930379851721e-001,0.0002184703
4.814813192351721e-001,1.351533e-05
4.819696004851721e-001,7.325898e-07
4.824578817351721e-001,3.585776e-08
4.829461629851721e-001,1.617668e-09
4.834344442351721e-001,2.942668e-10
4.839227254851721e-001,5.92845e-09
4.844110067351721e-001,1.26605e-07
4.848992879851721e-001,2.483034e-06
4.853875692351721e-001,4.362091e-05
4.858758504851721e-001,0.0006507512
4.863641317351721e-001,0.006374231
4.868524129851721e-001,0.03015092
4.873406942351721e-001,0.08208921
4.878289754851721e-001,0.1548086
4.883172567351721e-001,0.2331795
4.888055379851721e-001,0.3077424
4.892938192351721e-001,0.3741612
4.897821004851721e-001,0.4302369
4.902703817351721e-001,0.4745693
4.907586629851721e-001,0.506216
4.912469442351721e-001,0.5246325
4.917352254851721e-001,0.5295267
4.922235067351721e-001,0.5208233
4.927117879851721e-001,0.498661
4.932000692351721e-001,0.4634069
4.936883504851721e-001,0.415695
4.941766317351721e-001,0.3565161
4.946649129851721e-001,0.2874211
4.951531942351721e-001,0.2111666
4.956414754851721e-001,0.1331665
4.961297567351721e-001,0.06479412
4.966180379851721e-001,0.02079173
4.971063192351721e-001,0.003607126
4.975946004851721e-001,0.0003121211
4.980828817351721e-001,1.975852e-05
4.985711629851721e-001,1.087158e-06
4.990594442351721e-001,5.382374e-08
4.995477254851721e-001,2.37223e-09
5.000000000000000e-001,-1.122365e-14
