0.000000000000000e+000,0.0
5.242879851721227e-004,1.11695e-10
1.012569235172123e-003,6.998954e-10
1.500850485172123e-003,2.999483e-09
1.989131735172123e-003,1.188853e-08
2.477412985172123e-003,4.421204e-08
2.965694235172123e-003,1.536036e-07
3.453975485172123e-003,4.954826e-07
3.942256735172123e-003,1.467869e-06
4.430537985172123e-003,3.959803e-06
4.918819235172123e-003,9.662336e-06
5.407100485172123e-003,2.1193e-05
5.895381735172123e-003,4.15529e-05
6.383662985172123e-003,7.249562e-05
6.871944235172123e-003,0.0001121348
7.360225485172123e-003,0.0001533605
7.848506735172123e-003,0.0001851141
8.336787985172123e-003,0.000197002
8.825069235172123e-003,0.0001847838
9.313350485172123e-003,0.0001528151
9.801631735172123e-003,0.00011154
1.028991298517212e-002,7.19868e-05
1.077819423517212e-002,4.119202e-05
1.126647548517212e-002,2.097491e-05
1.175475673517212e-002,9.548101e-06
1.224303798517212e-002,3.907262e-06
1.273131923517212e-002,1.446255e-06
1.321960048517212e-002,4.872659e-07
1.370788173517212e-002,1.507398e-07
1.419616298517212e-002,4.335041e-08
1.468444423517212e-002,1.164854e-08
1.517272548517212e-002,2.936898e-09
1.566100673517212e-002,6.844618e-10
1.614928798517212e-002,1.350579e-10
1.712585048517212e-002,1.092436e-10
1.761413173517212e-002,5.712827e-10
1.810241298517212e-002,2.483566e-09
1.859069423517212e-002,9.930863e-09
1.907897548517212e-002,3.724971e-08
1.956725673517212e-002,1.306527e-07
2.005553798517212e-002,4.259471e-07
2.054381923517212e-002,1.276779e-06
2.103210048517212e-002,3.488725e-06
2.152038173517212e-002,8.630692e-06
2.200866298517212e-002,1.920775e-05
2.249694423517212e-002,3.823872e-05
2.298522548517212e-002,6.777571e-05
2.347350673517212e-002,0.0001065492
2.396178798517212e-002,0.000148151
2.445006923517212e-002,0.0001818429
2.493835048517212e-002,0.0001968044
2.542663173517212e-002,0.0001877317
2.591491298517212e-002,0.0001578749
2.640319423517212e-002,0.0001171577
2.689147548517212e-002,7.685275e-05
2.737975673517212e-002,4.467917e-05
2.786803798517212e-002,2.310158e-05
2.835631923517212e-002,1.067131e-05
2.884460048517212e-002,4.427799e-06
2.933288173517212e-002,1.660252e-06
2.982116298517212e-002,5.660407e-07
3.030944423517212e-002,1.770017e-07
3.079772548517212e-002,5.139644e-08
3.128600673517212e-002,1.393056e-08
3.177428798517212e-002,3.54274e-09
3.226256923517212e-002,8.365095e-10
3.275085048517212e-002,1.704161e-10
3.323913173517212e-002,3.150466e-11
3.372741298517212e-002,8.569962e-11
3.421569423517212e-002,4.64885e-10
3.470397548517212e-002,2.053554e-09
3.519225673517212e-002,8.286342e-09
3.568053798517212e-002,3.134652e-08
3.616881923517212e-002,1.109827e-07
3.665710048517212e-002,3.64914e-07
3.714538173517212e-002,1.107329e-06
3.763366298517212e-002,3.067555e-06
3.812194423517212e-002,7.694699e-06
3.861022548517212e-002,1.737399e-05
3.909850673517212e-002,3.511622e-05
3.958678798517212e-002,6.322804e-05
4.007506923517212e-002,0.000101021
4.056335048517212e-002,0.0001428013
4.105163173517212e-002,0.0001782301
4.153991298517212e-002,0.000196166
4.202819423517212e-002,0.0001902996
4.251647548517212e-002,0.0001627397
4.300475673517212e-002,0.0001227887
4.349303798517212e-002,8.187154e-05
4.398131923517212e-002,4.836057e-05
4.446960048517212e-002,2.539291e-05
4.495788173517212e-002,1.190389e-05
4.544616298517212e-002,5.008677e-06
4.593444423517212e-002,1.902736e-06
4.642272548517212e-002,6.565472e-07
4.691100673517212e-002,2.075538e-07
4.739928798517212e-002,6.086147e-08
4.788756923517212e-002,1.664108e-08
4.837585048517212e-002,4.268244e-09
4.886413173517212e-002,1.019902e-09
4.935241298517212e-002,2.137779e-10
4.984069423517212e-002,3.706325e-11
5.032897548517212e-002,6.706848e-11
5.081725673517212e-002,3.7698e-10
5.130553798517212e-002,1.695484e-09
5.179381923517212e-002,6.906434e-09
5.228210048517212e-002,2.634798e-08
5.277038173517212e-002,9.415021e-08
5.325866298517212e-002,3.127935e-07
5.374694423517212e-002,9.601e-07
5.423522548517212e-002,2.693174e-06
5.472350673517212e-002,6.847415e-06
5.521178798517212e-002,1.568436e-05
5.570006923517212e-002,3.218244e-05
5.618835048517212e-002,5.886024e-05
5.667663173517212e-002,9.557118e-05
5.716491298517212e-002,0.0001373402
5.765319423517212e-002,0.0001742989
5.814147548517212e-002,0.000195091
5.862975673517212e-002,0.0001924706
5.911803798517212e-002,0.0001673812
5.960631923517212e-002,0.0001284076
6.009460048517212e-002,8.703031e-05
6.058288173517212e-002,5.223578e-05
6.107116298517212e-002,2.785525e-05
6.155944423517212e-002,1.325334e-05
6.204772548517212e-002,5.6555e-06
6.253600673517212e-002,2.177656e-06
6.302428798517212e-002,7.617425e-07
6.351256923517212e-002,2.437376e-07
6.400085048517212e-002,7.198017e-08
6.448913173517212e-002,1.985668e-08
6.497741298517212e-002,5.136171e-09
6.546569423517212e-002,1.240882e-09
6.595397548517212e-002,2.667098e-10
6.644225673517212e-002,4.573315e-11
6.693053798517212e-002,5.266279e-11
6.741881923517212e-002,3.044716e-10
6.790710048517212e-002,1.397598e-09
6.839538173517212e-002,5.749831e-09
6.888366298517212e-002,2.212094e-08
6.937194423517212e-002,7.97674e-08
6.986022548517212e-002,2.677291e-07
7.034850673517212e-002,8.31117e-07
7.083678798517212e-002,2.360392e-06
7.132506923517212e-002,6.082149e-06
7.181335048517212e-002,1.413136e-05
7.230163173517212e-002,2.943348e-05
7.278991298517212e-002,5.467826e-05
7.327819423517212e-002,9.021917e-05
7.376647548517212e-002,0.0001317964
7.425475673517212e-002,0.000170074
7.474303798517212e-002,0.000193587
7.523131923517212e-002,0.00019423
7.571960048517212e-002,0.0001717715
7.620788173517212e-002,0.0001339881
7.669616298517212e-002,9.231434e-05
7.718444423517212e-002,5.630294e-05
7.767272548517212e-002,3.049444e-05
7.816100673517212e-002,1.472722e-05
7.864928798517212e-002,6.374192e-06
7.913756923517212e-002,2.487293e-06
7.962585048517212e-002,8.808457e-07
8.011413173517212e-002,2.85024e-07
8.060241298517212e-002,8.50229e-08
8.109069423517212e-002,2.366681e-08
8.157897548517212e-002,6.173411e-09
8.206725673517212e-002,1.5069e-09
8.255553798517212e-002,3.311114e-10
8.304381923517212e-002,5.783675e-11
8.353210048517212e-002,4.194901e-11
8.402038173517212e-002,2.447861e-10
8.450866298517212e-002,1.150012e-09
8.499694423517212e-002,4.781437e-09
8.548522548517212e-002,1.855087e-08
8.597350673517212e-002,6.749575e-08
8.646178798517212e-002,2.2883e-07
8.695006923517212e-002,7.183271e-07
8.743835048517212e-002,2.065185e-06
8.792663173517212e-002,5.392491e-06
8.841491298517212e-002,1.27074e-05
8.890319423517212e-002,2.68646e-05
8.939147548517212e-002,5.068639e-05
8.987975673517212e-002,8.49826e-05
9.036803798517212e-002,0.0001261976
9.085631923517212e-002,0.0001655815
9.134460048517212e-002,0.0001916639
9.183288173517212e-002,0.0001955661
9.232116298517212e-002,0.0001758838
9.280944423517212e-002,0.0001395027
9.329772548517212e-002,9.770708e-05
9.378600673517212e-002,6.05587e-05
9.427428798517212e-002,3.331567e-05
9.476256923517212e-002,1.633313e-05
9.525085048517212e-002,7.170982e-06
9.573913173517212e-002,2.83607e-06
9.622741298517212e-002,1.016958e-06
9.671569423517212e-002,3.328253e-07
9.720397548517212e-002,1.003004e-07
9.769225673517212e-002,2.817572e-08
9.818053798517212e-002,7.411682e-09
9.866881923517212e-002,1.826834e-09
9.915710048517212e-002,4.09278e-10
9.964538173517212e-002,7.382293e-11
1.001336629851721e-001,3.452908e-11
1.006219442351721e-001,1.957897e-10
1.011102254851721e-001,9.444274e-10
1.015985067351721e-001,3.971474e-09
1.020867879851721e-001,1.55394e-08
1.025750692351721e-001,5.704045e-08
1.030633504851721e-001,1.953076e-07
1.035516317351721e-001,6.198765e-07
1.040399129851721e-001,1.803834e-06
1.045281942351721e-001,4.772331e-06
1.050164754851721e-001,1.140488e-05
1.055047567351721e-001,2.447034e-05
1.059930379851721e-001,4.688738e-05
1.064813192351721e-001,7.98773e-05
1.069696004851721e-001,0.0001205708
1.074578817351721e-001,0.0001608487
1.079461629851721e-001,0.0001893347
1.084344442351721e-001,0.0001964698
1.089227254851721e-001,0.0001796924
1.094110067351721e-001,0.0001449233
1.098992879851721e-001,0.0001031902
1.103875692351721e-001,6.499815e-05
1.108758504851721e-001,3.632337e-05
1.113641317351721e-001,1.807864e-05
1.118524129851721e-001,8.052392e-06
1.123406942351721e-001,3.228136e-06
1.128289754851721e-001,1.172221e-06
1.133172567351721e-001,3.880776e-07
1.138055379851721e-001,1.181692e-07
1.142938192351721e-001,3.350476e-08
1.147821004851721e-001,8.888351e-09
1.152703817351721e-001,2.211252e-09
1.157586629851721e-001,5.039746e-10
1.162469442351721e-001,9.428257e-11
1.172235067351721e-001,1.557184e-10
1.177117879851721e-001,7.738832e-10
1.182000692351721e-001,3.294714e-09
1.186883504851721e-001,1.300223e-08
1.191766317351721e-001,4.814527e-08
1.196649129851721e-001,1.664649e-07
1.201531942351721e-001,5.34096e-07
1.206414754851721e-001,1.572912e-06
1.211297567351721e-001,4.21587e-06
1.216180379851721e-001,1.021626e-05
1.221063192351721e-001,2.224466e-05
1.225946004851721e-001,4.32825e-05
1.230828817351721e-001,7.491728e-05
1.235711629851721e-001,0.0001149421
1.240594442351721e-001,0.0001559037
1.245477254851721e-001,0.000186615
1.250360067351721e-001,0.000196935
1.255242879851721e-001,0.0001831734
1.260125692351721e-001,0.0001502212
1.265008504851721e-001,0.0001087436
1.269891317351721e-001,6.961467e-05
1.274774129851721e-001,3.952107e-05
1.279656942351721e-001,1.99712e-05
1.284539754851721e-001,9.025218e-06
1.289422567351721e-001,3.667958e-06
1.294305379851721e-001,1.348997e-06
1.299188192351721e-001,4.518342e-07
1.304071004851721e-001,1.390375e-07
1.308953817351721e-001,3.979486e-08
1.313836629851721e-001,1.064736e-08
1.318719442351721e-001,2.672716e-09
1.323602254851721e-001,6.185247e-10
1.328485067351721e-001,1.199688e-10
1.338250692351721e-001,1.231204e-10
1.343133504851721e-001,6.325508e-10
1.348016317351721e-001,2.729816e-09
1.352899129851721e-001,1.086721e-08
1.357781942351721e-001,4.058791e-08
1.362664754851721e-001,1.416879e-07
1.367547567351721e-001,4.594873e-07
1.372430379851721e-001,1.369275e-06
1.377313192351721e-001,3.717633e-06
1.382196004851721e-001,9.134114e-06
1.387078817351721e-001,2.018099e-05
1.391961629851721e-001,3.98717e-05
1.396844442351721e-001,7.011468e-05
1.401727254851721e-001,0.0001093363
1.406610067351721e-001,0.0001507751
1.411492879851721e-001,0.0001835226
1.416375692351721e-001,0.0001969585
1.421258504851721e-001,0.0001863041
1.426141317351721e-001,0.0001553676
1.431024129851721e-001,0.0001143457
1.435906942351721e-001,7.439993e-05
1.440789754851721e-001,4.291133e-05
1.445672567351721e-001,2.201808e-05
1.450555379851721e-001,1.009649e-05
1.455438192351721e-001,4.160325e-06
1.460321004851721e-001,1.549886e-06
1.465203817351721e-001,5.25278e-07
1.470086629851721e-001,1.633717e-07
1.474969442351721e-001,4.720945e-08
1.479852254851721e-001,1.274033e-08
1.484735067351721e-001,3.22614e-09
1.489617879851721e-001,7.569159e-10
1.494500692351721e-001,1.518229e-10
1.504266317351721e-001,9.680793e-11
1.509149129851721e-001,5.155558e-10
1.514031942351721e-001,2.258751e-09
1.518914754851721e-001,9.072675e-09
1.523797567351721e-001,3.417591e-08
1.528680379851721e-001,1.204367e-07
1.533563192351721e-001,3.939292e-07
1.538446004851721e-001,1.188486e-06
1.543328817351721e-001,3.271688e-06
1.548211629851721e-001,8.151179e-06
1.553094442351721e-001,1.827239e-05
1.557977254851721e-001,3.665367e-05
1.562860067351721e-001,6.547982e-05
1.567742879851721e-001,0.0001037766
1.572625692351721e-001,0.0001454918
1.577508504851721e-001,0.0001800778
1.582391317351721e-001,0.0001965401
1.587274129851721e-001,0.0001890643
1.592156942351721e-001,0.0001603335
1.597039754851721e-001,0.0001199731
1.601922567351721e-001,7.934379e-05
1.606805379851721e-001,4.649558e-05
1.611688192351721e-001,2.422625e-05
1.616571004851721e-001,1.127346e-05
1.621453817351721e-001,4.710352e-06
1.626336629851721e-001,1.777736e-06
1.631219442351721e-001,6.097338e-07
1.636102254851721e-001,1.917031e-07
1.640985067351721e-001,5.59377e-08
1.645867879851721e-001,1.522775e-08
1.650750692351721e-001,3.889201e-09
1.655633504851721e-001,9.239235e-10
1.660516317351721e-001,1.910058e-10
1.665399129851721e-001,3.391058e-11
1.670281942351721e-001,7.581676e-11
1.675164754851721e-001,4.188277e-10
1.680047567351721e-001,1.866309e-09
1.684930379851721e-001,7.56605e-09
1.689813192351721e-001,2.874296e-08
1.694696004851721e-001,1.022372e-07
1.699578817351721e-001,3.379118e-07
1.704461629851721e-001,1.031297e-06
1.709344442351721e-001,2.874901e-06
1.714227254851721e-001,7.260393e-06
1.719110067351721e-001,1.651162e-05
1.723992879851721e-001,3.362596e-05
1.728875692351721e-001,6.102124e-05
1.733758504851721e-001,9.828504e-05
1.738641317351721e-001,0.0001400829
1.743524129851721e-001,0.0001763028
1.748406942351721e-001,0.0001956827
1.753289754851721e-001,0.0001914357
1.758172567351721e-001,0.0001650901
1.763055379851721e-001,0.0001256013
1.767938192351721e-001,8.44343e-05
1.772821004851721e-001,5.027403e-05
1.777703817351721e-001,2.660232e-05
1.782586629851721e-001,1.256354e-05
1.787469442351721e-001,5.323483e-06
1.792352254851721e-001,2.035665e-06
1.797235067351721e-001,7.066815e-07
1.802117879851721e-001,2.246367e-07
1.807000692351721e-001,6.61981e-08
1.811883504851721e-001,1.818047e-08
1.816766317351721e-001,4.682828e-09
1.821649129851721e-001,1.125259e-09
1.826531942351721e-001,2.389373e-10
1.831414754851721e-001,4.099195e-11
1.836297567351721e-001,5.937416e-11
1.841180379851721e-001,3.389732e-10
1.846063192351721e-001,1.539676e-09
1.850946004851721e-001,6.302547e-09
1.855828817351721e-001,2.414559e-08
1.860711629851721e-001,8.667484e-08
1.865594442351721e-001,2.894375e-07
1.870477254851721e-001,8.934609e-07
1.875360067351721e-001,2.521842e-06
1.880242879851721e-001,6.454937e-06
1.885125692351721e-001,1.489125e-05
1.890008504851721e-001,3.078513e-05
1.894891317351721e-001,5.674572e-05
1.899774129851721e-001,9.28818e-05
1.904656942351721e-001,0.0001345769
1.909539754851721e-001,0.0001722216
1.914422567351721e-001,0.0001943921
1.919305379851721e-001,0.0001934025
1.924188192351721e-001,0.0001696094
1.929071004851721e-001,0.0001312043
1.933953817351721e-001,8.965766e-05
1.938836629851721e-001,5.424554e-05
1.943719442351721e-001,2.91524e-05
1.948602254851721e-001,1.397425e-05
1.953485067351721e-001,6.00548e-06
1.958367879851721e-001,2.327829e-06
1.963250692351721e-001,8.192936e-07
1.968133504851721e-001,2.636206e-07
1.973016317351721e-001,7.824261e-08
1.977899129851721e-001,2.168128e-08
1.982781942351721e-001,5.631767e-09
1.987664754851721e-001,1.367743e-09
1.992547567351721e-001,2.973435e-10
1.997430379851721e-001,5.133081e-11
2.002313192351721e-001,4.687228e-11
2.007196004851721e-001,2.731688e-10
2.012078817351721e-001,1.26807e-09
2.016961629851721e-001,5.244084e-09
2.021844442351721e-001,2.026028e-08
2.026727254851721e-001,7.338706e-08
2.031610067351721e-001,2.475605e-07
2.036492879851721e-001,7.728183e-07
2.041375692351721e-001,2.208331e-06
2.046258504851721e-001,5.728258e-06
2.051141317351721e-001,1.340373e-05
2.056024129851721e-001,2.812685e-05
2.060906942351721e-001,5.265835e-05
2.065789754851721e-001,8.758542e-05
2.070672567351721e-001,0.0001290021
2.075555379851721e-001,0.0001678595
2.080438192351721e-001,0.000192677
2.085321004851721e-001,0.0001949516
2.090203817351721e-001,0.000173864
2.095086629851721e-001,0.0001367553
2.099969442351721e-001,9.499823e-05
2.104852254851721e-001,5.840752e-05
2.109735067351721e-001,3.188201e-05
2.114617879851721e-001,1.55132e-05
2.119500692351721e-001,6.762423e-06
2.124383504851721e-001,2.656537e-06
2.129266317351721e-001,9.466468e-07
2.134149129851721e-001,3.080544e-07
2.139031942351721e-001,9.236116e-08
2.143914754851721e-001,2.582676e-08
2.148797567351721e-001,6.765225e-09
2.153680379851721e-001,1.65951e-09
2.158563192351721e-001,3.683132e-10
2.163446004851721e-001,6.531113e-11
2.168328817351721e-001,3.784731e-11
2.173211629851721e-001,2.1907e-10
2.178094442351721e-001,1.042433e-09
2.182977254851721e-001,4.358327e-09
2.187860067351721e-001,1.698088e-08
2.192742879851721e-001,6.205792e-08
2.197625692351721e-001,2.114423e-07
2.202508504851721e-001,6.674179e-07
2.207391317351721e-001,1.930498e-06
2.212274129851721e-001,5.074094e-06
2.217156942351721e-001,1.204143e-05
2.222039754851721e-001,2.564601e-05
2.226922567351721e-001,4.876266e-05
2.231805379851721e-001,8.241263e-05
2.236688192351721e-001,0.000123386
2.241571004851721e-001,0.0001632434
2.246453817351721e-001,0.0001905491
2.251336629851721e-001,0.0001960725
2.256219442351721e-001,0.0001778276
2.261102254851721e-001,0.0001422265
2.265985067351721e-001,0.0001004386
2.270867879851721e-001,6.275585e-05
2.275750692351721e-001,3.479597e-05
2.280633504851721e-001,1.718797e-05
2.285516317351721e-001,7.600691e-06
2.290399129851721e-001,3.02642e-06
2.295281942351721e-001,1.092053e-06
2.300164754851721e-001,3.594571e-07
2.305047567351721e-001,1.088867e-07
2.309930379851721e-001,3.072941e-08
2.314813192351721e-001,8.117636e-09
2.319696004851721e-001,2.010248e-09
2.324578817351721e-001,4.543665e-10
2.329461629851721e-001,8.345057e-11
2.334344442351721e-001,3.196347e-11
2.339227254851721e-001,1.747358e-10
2.344110067351721e-001,8.551638e-10
2.348992879851721e-001,3.617861e-09
2.353875692351721e-001,1.42163e-08
2.358758504851721e-001,5.241249e-08
2.363641317351721e-001,1.803415e-07
2.368524129851721e-001,5.755e-07
2.373406942351721e-001,1.684772e-06
2.378289754851721e-001,4.486488e-06
2.383172567351721e-001,1.07968e-05
2.388055379851721e-001,2.333683e-05
2.392938192351721e-001,4.506065e-05
2.397821004851721e-001,7.737833e-05
2.402703817351721e-001,0.0001177551
2.407586629851721e-001,0.0001584009
2.412469442351721e-001,0.0001880226
2.417352254851721e-001,0.0001967575
2.422235067351721e-001,0.0001814753
2.427117879851721e-001,0.0001475894
2.432000692351721e-001,0.0001059595
2.436883504851721e-001,6.728476e-05
2.441766317351721e-001,3.789829e-05
2.446649129851721e-001,1.900608e-05
2.451531942351721e-001,8.526944e-06
2.456414754851721e-001,3.441786e-06
2.461297567351721e-001,1.257763e-06
2.466180379851721e-001,4.18822e-07
2.471063192351721e-001,1.282007e-07
2.475946004851721e-001,3.652002e-08
2.480828817351721e-001,9.729531e-09
2.485711629851721e-001,2.431481e-09
2.490594442351721e-001,5.585357e-10
2.495477254851721e-001,1.064183e-10
2.505242879851721e-001,1.385652e-10
2.510125692351721e-001,6.998907e-10
2.515008504851721e-001,2.999481e-09
2.519891317351721e-001,1.188853e-08
2.524774129851721e-001,4.421204e-08
2.529656942351721e-001,1.536036e-07
2.534539754851721e-001,4.954826e-07
2.539422567351721e-001,1.467869e-06
2.544305379851721e-001,3.959803e-06
2.549188192351721e-001,9.662336e-06
2.554071004851721e-001,2.1193e-05
2.558953817351721e-001,4.15529e-05
2.563836629851721e-001,7.249562e-05
2.568719442351721e-001,0.0001121348
2.573602254851721e-001,0.0001533605
2.578485067351721e-001,0.0001851141
2.583367879851721e-001,0.000197002
2.588250692351721e-001,0.0001847838
2.593133504851721e-001,0.0001528151
2.598016317351721e-001,0.00011154
2.602899129851721e-001,7.19868e-05
2.607781942351721e-001,4.119202e-05
2.612664754851721e-001,2.097491e-05
2.617547567351721e-001,9.548101e-06
2.622430379851721e-001,3.907262e-06
2.627313192351721e-001,1.446255e-06
2.632196004851721e-001,4.872659e-07
2.637078817351721e-001,1.507398e-07
2.641961629851721e-001,4.335041e-08
2.646844442351721e-001,1.164854e-08
2.651727254851721e-001,2.936898e-09
2.656610067351721e-001,6.844618e-10
2.661492879851721e-001,1.350579e-10
2.671258504851721e-001,1.092436e-10
2.676141317351721e-001,5.712827e-10
2.681024129851721e-001,2.483566e-09
2.685906942351721e-001,9.930863e-09
2.690789754851721e-001,3.724971e-08
2.695672567351721e-001,1.306527e-07
2.700555379851721e-001,4.259471e-07
2.705438192351721e-001,1.276779e-06
2.710321004851721e-001,3.488725e-06
2.715203817351721e-001,8.630692e-06
2.720086629851721e-001,1.920775e-05
2.724969442351721e-001,3.823872e-05
2.729852254851721e-001,6.777571e-05
2.734735067351721e-001,0.0001065492
2.739617879851721e-001,0.000148151
2.744500692351721e-001,0.0001818429
2.749383504851721e-001,0.0001968044
2.754266317351721e-001,0.0001877317
2.759149129851721e-001,0.0001578749
2.764031942351721e-001,0.0001171577
2.768914754851721e-001,7.685275e-05
2.773797567351721e-001,4.467917e-05
2.778680379851721e-001,2.310158e-05
2.783563192351721e-001,1.067131e-05
2.788446004851721e-001,4.427799e-06
2.793328817351721e-001,1.660252e-06
2.798211629851721e-001,5.660407e-07
2.803094442351721e-001,1.770017e-07
2.807977254851721e-001,5.139644e-08
2.812860067351721e-001,1.393056e-08
2.817742879851721e-001,3.54274e-09
2.822625692351721e-001,8.365095e-10
2.827508504851721e-001,1.704161e-10
2.832391317351721e-001,3.150466e-11
2.837274129851721e-001,8.569962e-11
2.842156942351721e-001,4.64885e-10
2.847039754851721e-001,2.053554e-09
2.851922567351721e-001,8.286342e-09
2.856805379851721e-001,3.134652e-08
2.861688192351721e-001,1.109827e-07
2.866571004851721e-001,3.64914e-07
2.871453817351721e-001,1.107329e-06
2.876336629851721e-001,3.067555e-06
2.881219442351721e-001,7.694699e-06
2.886102254851721e-001,1.737399e-05
2.890985067351721e-001,3.511622e-05
2.895867879851721e-001,6.322804e-05
2.900750692351721e-001,0.000101021
2.905633504851721e-001,0.0001428013
2.910516317351721e-001,0.0001782301
2.915399129851721e-001,0.000196166
2.920281942351721e-001,0.0001902996
2.925164754851721e-001,0.0001627397
2.930047567351721e-001,0.0001227887
2.934930379851721e-001,8.187154e-05
2.939813192351721e-001,4.836057e-05
2.944696004851721e-001,2.539291e-05
2.949578817351721e-001,1.190389e-05
2.954461629851721e-001,5.008677e-06
2.959344442351721e-001,1.902736e-06
2.964227254851721e-001,6.565472e-07
2.969110067351721e-001,2.075538e-07
2.973992879851721e-001,6.086147e-08
2.978875692351721e-001,1.664108e-08
2.983758504851721e-001,4.268244e-09
2.988641317351721e-001,1.019902e-09
2.993524129851721e-001,2.137779e-10
2.998406942351721e-001,3.706325e-11
3.003289754851721e-001,6.706848e-11
3.008172567351721e-001,3.7698e-10
3.013055379851721e-001,1.695484e-09
3.017938192351721e-001,6.906434e-09
3.022821004851721e-001,2.634798e-08
3.027703817351721e-001,9.415021e-08
3.032586629851721e-001,3.127935e-07
3.037469442351721e-001,9.601e-07
3.042352254851721e-001,2.693174e-06
3.047235067351721e-001,6.847415e-06
3.052117879851721e-001,1.568436e-05
3.057000692351721e-001,3.218244e-05
3.061883504851721e-001,5.886024e-05
3.066766317351721e-001,9.557118e-05
3.071649129851721e-001,0.0001373402
3.076531942351721e-001,0.0001742989
3.081414754851721e-001,0.000195091
3.086297567351721e-001,0.0001924706
3.091180379851721e-001,0.0001673812
3.096063192351721e-001,0.0001284076
3.100946004851721e-001,8.703031e-05
3.105828817351721e-001,5.223578e-05
3.110711629851721e-001,2.785525e-05
3.115594442351721e-001,1.325334e-05
3.120477254851721e-001,5.6555e-06
3.125360067351721e-001,2.177656e-06
3.130242879851721e-001,7.617425e-07
3.135125692351721e-001,2.437376e-07
3.140008504851721e-001,7.198017e-08
3.144891317351721e-001,1.985668e-08
3.149774129851721e-001,5.136171e-09
3.154656942351721e-001,1.240882e-09
3.159539754851721e-001,2.667098e-10
3.164422567351721e-001,4.573315e-11
3.169305379851721e-001,5.266279e-11
3.174188192351721e-001,3.044716e-10
3.179071004851721e-001,1.397598e-09
3.183953817351721e-001,5.749831e-09
3.188836629851721e-001,2.212094e-08
3.193719442351721e-001,7.97674e-08
3.198602254851721e-001,2.677291e-07
3.203485067351721e-001,8.31117e-07
3.208367879851721e-001,2.360392e-06
3.213250692351721e-001,6.082149e-06
3.218133504851721e-001,1.413136e-05
3.223016317351721e-001,2.943348e-05
3.227899129851721e-001,5.467826e-05
3.232781942351721e-001,9.021917e-05
3.237664754851721e-001,0.0001317964
3.242547567351721e-001,0.000170074
3.247430379851721e-001,0.000193587
3.252313192351721e-001,0.00019423
3.257196004851721e-001,0.0001717715
3.262078817351721e-001,0.0001339881
3.266961629851721e-001,9.231434e-05
3.271844442351721e-001,5.630294e-05
3.276727254851721e-001,3.049444e-05
3.281610067351721e-001,1.472722e-05
3.286492879851721e-001,6.374192e-06
3.291375692351721e-001,2.487293e-06
3.296258504851721e-001,8.808457e-07
3.301141317351721e-001,2.85024e-07
3.306024129851721e-001,8.50229e-08
3.310906942351721e-001,2.366681e-08
3.315789754851721e-001,6.173411e-09
3.320672567351721e-001,1.5069e-09
3.325555379851721e-001,3.311114e-10
3.330438192351721e-001,5.783675e-11
3.335321004851721e-001,4.194901e-11
3.340203817351721e-001,2.447861e-10
3.345086629851721e-001,1.150012e-09
3.349969442351721e-001,4.781437e-09
3.354852254851721e-001,1.855087e-08
3.359735067351721e-001,6.749575e-08
3.364617879851721e-001,2.2883e-07
3.369500692351721e-001,7.183271e-07
3.374383504851721e-001,2.065185e-06
3.379266317351721e-001,5.392491e-06
3.384149129851721e-001,1.27074e-05
3.389031942351721e-001,2.68646e-05
3.393914754851721e-001,5.068639e-05
3.398797567351721e-001,8.49826e-05
3.403680379851721e-001,0.0001261976
3.408563192351721e-001,0.0001655815
3.413446004851721e-001,0.0001916639
3.418328817351721e-001,0.0001955661
3.423211629851721e-001,0.0001758838
3.428094442351721e-001,0.0001395027
3.432977254851721e-001,9.770708e-05
3.437860067351721e-001,6.05587e-05
3.442742879851721e-001,3.331567e-05
3.447625692351721e-001,1.633313e-05
3.452508504851721e-001,7.170982e-06
3.457391317351721e-001,2.83607e-06
3.462274129851721e-001,1.016958e-06
3.467156942351721e-001,3.328253e-07
3.472039754851721e-001,1.003004e-07
3.476922567351721e-001,2.817572e-08
3.481805379851721e-001,7.411682e-09
3.486688192351721e-001,1.826834e-09
3.491571004851721e-001,4.09278e-10
3.496453817351721e-001,7.382293e-11
3.501336629851721e-001,3.452908e-11
3.506219442351721e-001,1.957897e-10
3.511102254851721e-001,9.444274e-10
3.515985067351721e-001,3.971474e-09
3.520867879851721e-001,1.55394e-08
3.525750692351721e-001,5.704045e-08
3.530633504851721e-001,1.953076e-07
3.535516317351721e-001,6.198765e-07
3.540399129851721e-001,1.803834e-06
3.545281942351721e-001,4.772331e-06
3.550164754851721e-001,1.140488e-05
3.555047567351721e-001,2.447034e-05
3.559930379851721e-001,4.688738e-05
3.564813192351721e-001,7.98773e-05
3.569696004851721e-001,0.0001205708
3.574578817351721e-001,0.0001608487
3.579461629851721e-001,0.0001893347
3.584344442351721e-001,0.0001964698
3.589227254851721e-001,0.0001796924
3.594110067351721e-001,0.0001449233
3.598992879851721e-001,0.0001031902
3.603875692351721e-001,6.499815e-05
3.608758504851721e-001,3.632337e-05
3.613641317351721e-001,1.807864e-05
3.618524129851721e-001,8.052392e-06
3.623406942351721e-001,3.228136e-06
3.628289754851721e-001,1.172221e-06
3.633172567351721e-001,3.880776e-07
3.638055379851721e-001,1.181692e-07
3.642938192351721e-001,3.350476e-08
3.647821004851721e-001,8.888351e-09
3.652703817351721e-001,2.211252e-09
3.657586629851721e-001,5.039746e-10
3.662469442351721e-001,9.428257e-11
3.672235067351721e-001,1.557184e-10
3.677117879851721e-001,7.738832e-10
3.682000692351721e-001,3.294714e-09
3.686883504851721e-001,1.300223e-08
3.691766317351721e-001,4.814527e-08
3.696649129851721e-001,1.664649e-07
3.701531942351721e-001,5.34096e-07
3.706414754851721e-001,1.572912e-06
3.711297567351721e-001,4.21587e-06
3.716180379851721e-001,1.021626e-05
3.721063192351721e-001,2.224466e-05
3.725946004851721e-001,4.32825e-05
3.730828817351721e-001,7.491728e-05
3.735711629851721e-001,0.0001149421
3.740594442351721e-001,0.0001559037
3.745477254851721e-001,0.000186615
3.750360067351721e-001,0.000196935
3.755242879851721e-001,0.0001831734
3.760125692351721e-001,0.0001502212
3.765008504851721e-001,0.0001087436
3.769891317351721e-001,6.961467e-05
3.774774129851721e-001,3.952107e-05
3.779656942351721e-001,1.99712e-05
3.784539754851721e-001,9.025218e-06
3.789422567351721e-001,3.667958e-06
3.794305379851721e-001,1.348997e-06
3.799188192351721e-001,4.518342e-07
3.804071004851721e-001,1.390375e-07
3.808953817351721e-001,3.979486e-08
3.813836629851721e-001,1.064736e-08
3.818719442351721e-001,2.672716e-09
3.823602254851721e-001,6.185247e-10
3.828485067351721e-001,1.199688e-10
3.838250692351721e-001,1.231204e-10
3.843133504851721e-001,6.325508e-10
3.848016317351721e-001,2.729816e-09
3.852899129851721e-001,1.086721e-08
3.857781942351721e-001,4.058791e-08
3.862664754851721e-001,1.416879e-07
3.867547567351721e-001,4.594873e-07
3.872430379851721e-001,1.369275e-06
3.877313192351721e-001,3.717633e-06
3.882196004851721e-001,9.134114e-06
3.887078817351721e-001,2.018099e-05
3.891961629851721e-001,3.98717e-05
3.896844442351721e-001,7.011468e-05
3.901727254851721e-001,0.0001093363
3.906610067351721e-001,0.0001507751
3.911492879851721e-001,0.0001835226
3.916375692351721e-001,0.0001969585
3.921258504851721e-001,0.0001863041
3.926141317351721e-001,0.0001553676
3.931024129851721e-001,0.0001143457
3.935906942351721e-001,7.439993e-05
3.940789754851721e-001,4.291133e-05
3.945672567351721e-001,2.201808e-05
3.950555379851721e-001,1.009649e-05
3.955438192351721e-001,4.160325e-06
3.960321004851721e-001,1.549886e-06
3.965203817351721e-001,5.25278e-07
3.970086629851721e-001,1.633717e-07
3.974969442351721e-001,4.720945e-08
3.979852254851721e-001,1.274033e-08
3.984735067351721e-001,3.22614e-09
3.989617879851721e-001,7.569159e-10
3.994500692351721e-001,1.518229e-10
4.004266317351721e-001,9.680793e-11
4.009149129851721e-001,5.155558e-10
4.014031942351721e-001,2.258751e-09
4.018914754851721e-001,9.072675e-09
4.023797567351721e-001,3.417591e-08
4.028680379851721e-001,1.204367e-07
4.033563192351721e-001,3.939292e-07
4.038446004851721e-001,1.188486e-06
4.043328817351721e-001,3.271688e-06
4.048211629851721e-001,8.151179e-06
4.053094442351721e-001,1.827239e-05
4.057977254851721e-001,3.665367e-05
4.062860067351721e-001,6.547982e-05
4.067742879851721e-001,0.0001037766
4.072625692351721e-001,0.0001454918
4.077508504851721e-001,0.0001800778
4.082391317351721e-001,0.0001965401
4.087274129851721e-001,0.0001890643
4.092156942351721e-001,0.0001603335
4.097039754851721e-001,0.0001199731
4.101922567351721e-001,7.934379e-05
4.106805379851721e-001,4.649558e-05
4.111688192351721e-001,2.422625e-05
4.116571004851721e-001,1.127346e-05
4.121453817351721e-001,4.710352e-06
4.126336629851721e-001,1.777736e-06
4.131219442351721e-001,6.097338e-07
4.136102254851721e-001,1.917031e-07
4.140985067351721e-001,5.59377e-08
4.145867879851721e-001,1.522775e-08
4.150750692351721e-001,3.889201e-09
4.155633504851721e-001,9.239235e-10
4.160516317351721e-001,1.910058e-10
4.165399129851721e-001,3.391058e-11
4.170281942351721e-001,7.581676e-11
4.175164754851721e-001,4.188277e-10
4.180047567351721e-001,1.866309e-09
4.184930379851721e-001,7.56605e-09
4.189813192351721e-001,2.874296e-08
4.194696004851721e-001,1.022372e-07
4.199578817351721e-001,3.379118e-07
4.204461629851721e-001,1.031297e-06
4.209344442351721e-001,2.874901e-06
4.214227254851721e-001,7.260393e-06
4.219110067351721e-001,1.651162e-05
4.223992879851721e-001,3.362596e-05
4.228875692351721e-001,6.102124e-05
4.233758504851721e-001,9.828504e-05
4.238641317351721e-001,0.0001400829
4.243524129851721e-001,0.0001763028
4.248406942351721e-001,0.0001956827
4.253289754851721e-001,0.0001914357
4.258172567351721e-001,0.0001650901
4.263055379851721e-001,0.0001256013
4.267938192351721e-001,8.44343e-05
4.272821004851721e-001,5.027403e-05
4.277703817351721e-001,2.660232e-05
4.282586629851721e-001,1.256354e-05
4.287469442351721e-001,5.323483e-06
4.292352254851721e-001,2.035665e-06
4.297235067351721e-001,7.066815e-07
4.302117879851721e-001,2.246367e-07
4.307000692351721e-001,6.61981e-08
4.311883504851721e-001,1.818047e-08
4.316766317351721e-001,4.682828e-09
4.321649129851721e-001,1.125259e-09
4.326531942351721e-001,2.389373e-10
4.331414754851721e-001,4.099195e-11
4.336297567351721e-001,5.937416e-11
4.341180379851721e-001,3.389732e-10
4.346063192351721e-001,1.539676e-09
4.350946004851721e-001,6.302547e-09
4.355828817351721e-001,2.414559e-08
4.360711629851721e-001,8.667484e-08
4.365594442351721e-001,2.894375e-07
4.370477254851721e-001,8.934609e-07
4.375360067351721e-001,2.521842e-06
4.380242879851721e-001,6.454937e-06
4.385125692351721e-001,1.489125e-05
4.390008504851721e-001,3.078513e-05
4.394891317351721e-001,5.674572e-05
4.399774129851721e-001,9.28818e-05
4.404656942351721e-001,0.0001345769
4.409539754851721e-001,0.0001722216
4.414422567351721e-001,0.0001943921
4.419305379851721e-001,0.0001934025
4.424188192351721e-001,0.0001696094
4.429071004851721e-001,0.0001312043
4.433953817351721e-001,8.965766e-05
4.438836629851721e-001,5.424554e-05
4.443719442351721e-001,2.91524e-05
4.448602254851721e-001,1.397425e-05
4.453485067351721e-001,6.00548e-06
4.458367879851721e-001,2.327829e-06
4.463250692351721e-001,8.192936e-07
4.468133504851721e-001,2.636206e-07
4.473016317351721e-001,7.824261e-08
4.477899129851721e-001,2.168128e-08
4.482781942351721e-001,5.631767e-09
4.487664754851721e-001,1.367743e-09
4.492547567351721e-001,2.973435e-10
4.497430379851721e-001,5.133081e-11
4.502313192351721e-001,4.687228e-11
4.507196004851721e-001,2.731688e-10
4.512078817351721e-001,1.26807e-09
4.516961629851721e-001,5.244084e-09
4.521844442351721e-001,2.026028e-08
4.526727254851721e-001,7.338706e-08
4.531610067351721e-001,2.475605e-07
4.536492879851721e-001,7.728183e-07
4.541375692351721e-001,2.208331e-06
4.546258504851721e-001,5.728258e-06
4.551141317351721e-001,1.340373e-05
4.556024129851721e-001,2.812685e-05
4.560906942351721e-001,5.265835e-05
4.565789754851721e-001,8.758542e-05
4.570672567351721e-001,0.0001290021
4.575555379851721e-001,0.0001678595
4.580438192351721e-001,0.000192677
4.585321004851721e-001,0.0001949516
4.590203817351721e-001,0.000173864
4.595086629851721e-001,0.0001367553
4.599969442351721e-001,9.499823e-05
4.604852254851721e-001,5.840752e-05
4.609735067351721e-001,3.188201e-05
4.614617879851721e-001,1.55132e-05
4.619500692351721e-001,6.762423e-06
4.624383504851721e-001,2.656537e-06
4.629266317351721e-001,9.466468e-07
4.634149129851721e-001,3.080544e-07
4.639031942351721e-001,9.236116e-08
4.643914754851721e-001,2.582676e-08
4.648797567351721e-001,6.765225e-09
4.653680379851721e-001,1.65951e-09
4.658563192351721e-001,3.683132e-10
4.663446004851721e-001,6.531113e-11
4.668328817351721e-001,3.784731e-11
4.673211629851721e-001,2.1907e-10
4.678094442351721e-001,1.042433e-09
4.682977254851721e-001,4.358327e-09
4.687860067351721e-001,1.698088e-08
4.692742879851721e-001,6.205792e-08
4.697625692351721e-001,2.114423e-07
4.702508504851721e-001,6.674179e-07
4.707391317351721e-001,1.930498e-06
4.712274129851721e-001,5.074094e-06
4.717156942351721e-001,1.204143e-05
4.722039754851721e-001,2.564601e-05
4.726922567351721e-001,4.876266e-05
4.731805379851721e-001,8.241263e-05
4.736688192351721e-001,0.000123386
4.741571004851721e-001,0.0001632434
4.746453817351721e-001,0.0001905491
4.751336629851721e-001,0.0001960725
4.756219442351721e-001,0.0001778276
4.761102254851721e-001,0.0001422265
4.765985067351721e-001,0.0001004386
4.770867879851721e-001,6.275585e-05
4.775750692351721e-001,3.479597e-05
4.780633504851721e-001,1.718797e-05
4.785516317351721e-001,7.600691e-06
4.790399129851721e-001,3.02642e-06
4.795281942351721e-001,1.092053e-06
4.800164754851721e-001,3.594571e-07
4.805047567351721e-001,1.088867e-07
4.809930379851721e-001,3.072941e-08
4.814813192351721e-001,8.117636e-09
4.819696004851721e-001,2.010248e-09
4.824578817351721e-001,4.543665e-10
4.829461629851721e-001,8.345057e-11
4.834344442351721e-001,3.196347e-11
4.839227254851721e-001,1.747358e-10
4.844110067351721e-001,8.551638e-10
4.848992879851721e-001,3.617861e-09
4.853875692351721e-001,1.42163e-08
4.858758504851721e-001,5.241249e-08
4.863641317351721e-001,1.803415e-07
4.868524129851721e-001,5.755e-07
4.873406942351721e-001,1.684772e-06
4.878289754851721e-001,4.486488e-06
4.883172567351721e-001,1.07968e-05
4.888055379851721e-001,2.333683e-05
4.892938192351721e-001,4.506065e-05
4.897821004851721e-001,7.737833e-05
4.902703817351721e-001,0.0001177551
4.907586629851721e-001,0.0001584009
4.912469442351721e-001,0.0001880226
4.917352254851721e-001,0.0001967575
4.922235067351721e-001,0.0001814753
4.927117879851721e-001,0.0001475894
4.932000692351721e-001,0.0001059595
4.936883504851721e-001,6.728476e-05
4.941766317351721e-001,3.789829e-05
4.946649129851721e-001,1.900608e-05
4.951531942351721e-001,8.526944e-06
4.956414754851721e-001,3.441786e-06
4.961297567351721e-001,1.257763e-06
4.966180379851721e-001,4.18822e-07
4.971063192351721e-001,1.282007e-07
4.975946004851721e-001,3.652002e-08
4.980828817351721e-001,9.729531e-09
4.985711629851721e-001,2.431481e-09
4.990594442351721e-001,5.585357e-10
4.995477254851721e-001,1.031972e-10
5.000000000000000e-001,-2.467747e-15
