0.000000000000000e+000,0.0
5.242879851721227e-004,5.480199e-10
1.012569235172123e-003,7.064592e-09
1.500850485172123e-003,6.296101e-08
1.989131735172123e-003,5.203589e-07
2.477412985172123e-003,3.925154e-06
2.965694235172123e-003,2.660257e-05
3.453975485172123e-003,0.000159063
3.942256735172123e-003,0.0008150669
4.430537985172123e-003,0.003388298
4.918819235172123e-003,0.01071083
5.407100485172123e-003,0.02535538
5.895381735172123e-003,0.04663546
6.383662985172123e-003,0.07060213
6.871944235172123e-003,0.09288399
7.360225485172123e-003,0.110413
7.848506735172123e-003,0.121452
8.336787985172123e-003,0.1251882
8.825069235172123e-003,0.1213455
9.313350485172123e-003,0.1101778
9.801631735172123e-003,0.09257814
1.028991298517212e-002,0.0702702
1.077819423517212e-002,0.0463102
1.126647548517212e-002,0.02509851
1.175475673517212e-002,0.01055994
1.224303798517212e-002,0.003326569
1.273131923517212e-002,0.0007974665
1.321960048517212e-002,0.0001552412
1.370788173517212e-002,2.591325e-05
1.419616298517212e-002,3.817073e-06
1.468444423517212e-002,5.050379e-07
1.517272548517212e-002,6.089819e-08
1.566100673517212e-002,6.830438e-09
1.614928798517212e-002,6.956946e-10
1.712585048517212e-002,5.24949e-10
1.761413173517212e-002,5.246204e-09
1.810241298517212e-002,4.723768e-08
1.859069423517212e-002,3.946508e-07
1.907897548517212e-002,3.015712e-06
1.956725673517212e-002,2.075212e-05
2.005553798517212e-002,0.0001263363
2.054381923517212e-002,0.0006624697
2.103210048517212e-002,0.002843529
2.152038173517212e-002,0.009345034
2.200866298517212e-002,0.02296156
2.249694423517212e-002,0.04353923
2.298522548517212e-002,0.06741956
2.347350673517212e-002,0.09013493
2.396178798517212e-002,0.1084163
2.445006923517212e-002,0.1203808
2.493835048517212e-002,0.1251237
2.542663173517212e-002,0.1222942
2.591491298517212e-002,0.1120698
2.640319423517212e-002,0.09525092
2.689147548517212e-002,0.07342394
2.737975673517212e-002,0.04944991
2.786803798517212e-002,0.02760343
2.835631923517212e-002,0.01204713
2.884460048517212e-002,0.003946348
2.933288173517212e-002,0.0009779406
2.982116298517212e-002,0.0001949849
3.030944423517212e-002,3.315312e-05
3.079772548517212e-002,4.959769e-06
3.128600673517212e-002,6.649357e-07
3.177428798517212e-002,8.106258e-08
3.226256923517212e-002,9.184562e-09
3.275085048517212e-002,9.517073e-10
3.323913173517212e-002,1.008738e-10
3.372741298517212e-002,3.813359e-10
3.421569423517212e-002,3.889514e-09
3.470397548517212e-002,3.53936e-08
3.519225673517212e-002,2.981845e-07
3.568053798517212e-002,2.311372e-06
3.616881923517212e-002,1.615259e-05
3.665710048517212e-002,0.0001000808
3.714538173517212e-002,0.000536552
3.763366298517212e-002,0.002374849
3.812194423517212e-002,0.008110668
3.861022548517212e-002,0.02069742
3.909850673517212e-002,0.0405026
3.958678798517212e-002,0.06421403
4.007506923517212e-002,0.08730555
4.056335048517212e-002,0.1063382
4.105163173517212e-002,0.1192461
4.153991298517212e-002,0.1249599
4.202819423517212e-002,0.1231107
4.251647548517212e-002,0.1138169
4.300475673517212e-002,0.09778412
4.349303798517212e-002,0.07651313
4.398131923517212e-002,0.0526271
4.446960048517212e-002,0.03022512
4.495788173517212e-002,0.01367288
4.544616298517212e-002,0.004657942
4.593444423517212e-002,0.001194658
4.642272548517212e-002,0.0002442222
4.691100673517212e-002,4.232001e-05
4.739928798517212e-002,6.432113e-06
4.788756923517212e-002,8.740212e-07
4.837585048517212e-002,1.077546e-07
4.886413173517212e-002,1.233242e-08
4.935241298517212e-002,1.297579e-09
4.984069423517212e-002,1.261341e-10
5.032897548517212e-002,2.766843e-10
5.081725673517212e-002,2.878425e-09
5.130553798517212e-002,2.648418e-08
5.179381923517212e-002,2.254811e-07
5.228210048517212e-002,1.769402e-06
5.277038173517212e-002,1.254642e-05
5.325866298517212e-002,7.90807e-05
5.374694423517212e-002,0.0004331111
5.423522548517212e-002,0.001974169
5.472350673517212e-002,0.007002315
5.521178798517212e-002,0.01856791
5.570006923517212e-002,0.03753705
5.618835048517212e-002,0.06099538
5.667663173517212e-002,0.0844019
5.716491298517212e-002,0.1041203
5.765319423517212e-002,0.1179201
5.814147548517212e-002,0.1246255
5.862975673517212e-002,0.1237929
5.911803798517212e-002,0.1154696
5.960631923517212e-002,0.1002731
6.009460048517212e-002,0.07957931
6.058288173517212e-002,0.05583023
6.107116298517212e-002,0.03295506
6.155944423517212e-002,0.01543902
6.204772548517212e-002,0.005469574
6.253600673517212e-002,0.001453538
6.302428798517212e-002,0.0003050101
6.351256923517212e-002,5.389682e-05
6.400085048517212e-002,8.325109e-06
6.448913173517212e-002,1.146923e-06
6.497741298517212e-002,1.430334e-07
6.546569423517212e-002,1.653653e-08
6.595397548517212e-002,1.763867e-09
6.644225673517212e-002,1.672048e-10
6.693053798517212e-002,2.015401e-10
6.741881923517212e-002,2.125779e-09
6.790710048517212e-002,1.979141e-08
6.839538173517212e-002,1.702486e-07
6.888366298517212e-002,1.352103e-06
6.937194423517212e-002,9.725108e-06
6.986022548517212e-002,6.233299e-05
7.034850673517212e-002,0.0003484911
7.083678798517212e-002,0.001633717
7.132506923517212e-002,0.006013628
7.181335048517212e-002,0.01657656
7.230163173517212e-002,0.03465368
7.278991298517212e-002,0.05777395
7.327819423517212e-002,0.08143046
7.376647548517212e-002,0.1017961
7.425475673517212e-002,0.1164672
7.474303798517212e-002,0.1241555
7.523131923517212e-002,0.1243405
7.571960048517212e-002,0.1169983
7.620788173517212e-002,0.1026619
7.669616298517212e-002,0.08258904
7.718444423517212e-002,0.05904795
7.767272548517212e-002,0.03578383
7.816100673517212e-002,0.0173459
7.864928798517212e-002,0.006389187
7.913756923517212e-002,0.001761085
7.962585048517212e-002,0.0003797859
8.011413173517212e-002,6.847813e-05
8.060241298517212e-002,1.075446e-05
8.109069423517212e-002,1.504232e-06
8.157897548517212e-002,1.904796e-07
8.206725673517212e-002,2.214427e-08
8.255553798517212e-002,2.391502e-09
8.304381923517212e-002,2.278294e-10
8.353210048517212e-002,1.490853e-10
8.402038173517212e-002,1.56621e-09
8.450866298517212e-002,1.477041e-08
8.499694423517212e-002,1.283573e-07
8.548522548517212e-002,1.031422e-06
8.597350673517212e-002,7.522888e-06
8.646178798517212e-002,4.90141e-05
8.695006923517212e-002,0.0002795419
8.743835048517212e-002,0.001346146
8.792663173517212e-002,0.005137498
8.841491298517212e-002,0.01472542
8.890319423517212e-002,0.03186309
8.939147548517212e-002,0.05456048
8.987975673517212e-002,0.07839824
9.036803798517212e-002,0.09936954
9.085631923517212e-002,0.1148894
9.134460048517212e-002,0.1235505
9.183288173517212e-002,0.1247527
9.232116298517212e-002,0.1184012
9.280944423517212e-002,0.1049464
9.329772548517212e-002,0.08553506
9.378600673517212e-002,0.06226931
9.427428798517212e-002,0.03870122
9.476256923517212e-002,0.01939239
9.525085048517212e-002,0.007424268
9.573913173517212e-002,0.002124346
9.622741298517212e-002,0.0004714158
9.671569423517212e-002,8.679318e-05
9.720397548517212e-002,1.386315e-05
9.769225673517212e-002,1.967191e-06
9.818053798517212e-002,2.521575e-07
9.866881923517212e-002,2.961462e-08
9.915710048517212e-002,3.235194e-09
9.964538173517212e-002,3.135166e-10
1.001336629851721e-001,1.14543e-10
1.006219442351721e-001,1.15077e-09
1.011102254851721e-001,1.100841e-08
1.015985067351721e-001,9.663522e-08
1.020867879851721e-001,7.854588e-07
1.025750692351721e-001,5.807752e-06
1.030633504851721e-001,3.845079e-05
1.035516317351721e-001,0.0002235722
1.040399129851721e-001,0.001104613
1.045281942351721e-001,0.004366244
1.050164754851721e-001,0.01301501
1.055047567351721e-001,0.02917517
1.059930379851721e-001,0.05136612
1.064813192351721e-001,0.0753127
1.069696004851721e-001,0.09684485
1.074578817351721e-001,0.1131888
1.079461629851721e-001,0.1228111
1.084344442351721e-001,0.1250291
1.089227254851721e-001,0.1196762
1.094110067351721e-001,0.107123
1.098992879851721e-001,0.08841062
1.103875692351721e-001,0.06548369
1.108758504851721e-001,0.04169638
1.113641317351721e-001,0.02157585
1.118524129851721e-001,0.008581658
1.123406942351721e-001,0.002550849
1.128289754851721e-001,0.0005832434
1.133172567351721e-001,0.0001097325
1.138055379851721e-001,1.783304e-05
1.142938192351721e-001,2.568025e-06
1.147821004851721e-001,3.333028e-07
1.152703817351721e-001,3.955293e-08
1.157586629851721e-001,4.367955e-09
1.162469442351721e-001,4.320223e-10
1.167352254851721e-001,9.475849e-11
1.172235067351721e-001,8.428761e-10
1.177117879851721e-001,8.193204e-09
1.182000692351721e-001,7.26511e-08
1.186883504851721e-001,5.971551e-07
1.191766317351721e-001,4.474892e-06
1.196649129851721e-001,3.009503e-05
1.201531942351721e-001,0.0001783003
1.206414754851721e-001,0.0009028417
1.211297567351721e-001,0.0036918
1.216180379851721e-001,0.0114444
1.221063192351721e-001,0.026599
1.225946004851721e-001,0.04820229
1.230828817351721e-001,0.07218188
1.235711629851721e-001,0.09422663
1.240594442351721e-001,0.1113678
1.245477254851721e-001,0.1219382
1.250360067351721e-001,0.1251692
1.255242879851721e-001,0.1208218
1.260125692351721e-001,0.1091881
1.265008504851721e-001,0.0912094
1.269891317351721e-001,0.06868099
1.274774129851721e-001,0.04475804
1.279656942351721e-001,0.02389218
1.284539754851721e-001,0.009867363
1.289422567351721e-001,0.003048507
1.294305379851721e-001,0.0007191354
1.299188192351721e-001,0.0001383787
1.304071004851721e-001,2.289072e-05
1.308953817351721e-001,3.346231e-06
1.313836629851721e-001,4.398795e-07
1.318719442351721e-001,5.275636e-08
1.323602254851721e-001,5.88707e-09
1.328485067351721e-001,5.940249e-10
1.338250692351721e-001,6.152377e-10
1.343133504851721e-001,6.089044e-09
1.348016317351721e-001,5.454477e-08
1.352899129851721e-001,4.532567e-07
1.357781942351721e-001,3.441321e-06
1.362664754851721e-001,2.350238e-05
1.367547567351721e-001,0.0001418055
1.372430379851721e-001,0.0007351483
1.377313192351721e-001,0.003105887
1.382196004851721e-001,0.0100112
1.387078817351721e-001,0.02414262
1.391961629851721e-001,0.04508061
1.396844442351721e-001,0.06901431
1.401727254851721e-001,0.09151985
1.406610067351721e-001,0.109429
1.411492879851721e-001,0.1209328
1.416375692351721e-001,0.125173
1.421258504851721e-001,0.1218364
1.426141317351721e-001,0.1111385
1.431024129851721e-001,0.09392554
1.435906942351721e-001,0.07185155
1.440789754851721e-001,0.04787464
1.445672567351721e-001,0.02633589
1.450555379851721e-001,0.01128638
1.455438192351721e-001,0.003625501
1.460321004851721e-001,0.0008835196
1.465203817351721e-001,0.0001740414
1.470086629851721e-001,2.931868e-05
1.474969442351721e-001,4.352109e-06
1.479852254851721e-001,5.796154e-07
1.484735067351721e-001,7.027271e-08
1.489617879851721e-001,7.921969e-09
1.494500692351721e-001,8.140484e-10
1.499383504851721e-001,9.340168e-11
1.504266317351721e-001,4.475577e-10
1.509149129851721e-001,4.51818e-09
1.514031942351721e-001,4.089581e-08
1.518914754851721e-001,3.427072e-07
1.523797567351721e-001,2.639953e-06
1.528680379851721e-001,1.831298e-05
1.533563192351721e-001,0.0001124811
1.538446004851721e-001,0.0005964519
1.543328817351721e-001,0.002600189
1.548211629851721e-001,0.008711737
1.553094442351721e-001,0.02181294
1.557977254851721e-001,0.04201274
1.562860067351721e-001,0.06581905
1.567742879851721e-001,0.08872992
1.572625692351721e-001,0.1074061
1.577508504851721e-001,0.119861
1.582391317351721e-001,0.1250761
1.587274129851721e-001,0.1227194
1.592156942351721e-001,0.1129698
1.597039754851721e-001,0.0965534
1.601922567351721e-001,0.07498628
1.606805379851721e-001,0.05103455
1.611688192351721e-001,0.02890019
1.616571004851721e-001,0.01284254
1.621453817351721e-001,0.00429015
1.626336629851721e-001,0.001081413
1.631219442351721e-001,0.0002182966
1.636102254851721e-001,3.746787e-05
1.640985067351721e-001,5.649545e-06
1.645867879851721e-001,7.625021e-07
1.650750692351721e-001,9.347683e-08
1.655633504851721e-001,1.064459e-08
1.660516317351721e-001,1.11171e-09
1.665399129851721e-001,1.117026e-10
1.670281942351721e-001,3.248009e-10
1.675164754851721e-001,3.346802e-09
1.680047567351721e-001,3.062155e-08
1.684930379851721e-001,2.593463e-07
1.689813192351721e-001,2.022768e-06
1.694696004851721e-001,1.423951e-05
1.699578817351721e-001,8.89911e-05
1.704461629851721e-001,0.0004822628
1.709344442351721e-001,0.002166504
1.714227254851721e-001,0.007541117
1.719110067351721e-001,0.01961558
1.723992879851721e-001,0.03901024
1.728875692351721e-001,0.06260571
1.733758504851721e-001,0.08586262
1.738641317351721e-001,0.1052427
1.743524129851721e-001,0.1185991
1.748406942351721e-001,0.1248097
1.753289754851721e-001,0.1234686
1.758172567351721e-001,0.1146586
1.763055379851721e-001,0.09904085
1.767938192351721e-001,0.0780528
1.772821004851721e-001,0.05422614
1.777703817351721e-001,0.03157713
1.782586629851721e-001,0.01453835
1.787469442351721e-001,0.005050748
1.792352254851721e-001,0.001318435
1.797235067351721e-001,0.0002730295
1.802117879851721e-001,4.777288e-05
1.807000692351721e-001,7.319475e-06
1.811883504851721e-001,1.00143e-06
1.816766317351721e-001,1.241693e-07
1.821649129851721e-001,1.4283e-08
1.826531942351721e-001,1.513391e-09
1.831414754851721e-001,1.44496e-10
1.836297567351721e-001,2.359038e-10
1.841180379851721e-001,2.474323e-09
1.846063192351721e-001,2.289829e-08
1.850946004851721e-001,1.959645e-07
1.855828817351721e-001,1.547084e-06
1.860711629851721e-001,1.104889e-05
1.865594442351721e-001,7.023062e-05
1.870477254851721e-001,0.0003886567
1.875360067351721e-001,0.001796885
1.880242879851721e-001,0.006493443
1.885125692351721e-001,0.0175548
1.890008504851721e-001,0.03608442
1.894891317351721e-001,0.05938435
1.899774129851721e-001,0.08292423
1.904656942351721e-001,0.1029712
1.909539754851721e-001,0.1172094
1.914422567351721e-001,0.1244074
1.919305379851721e-001,0.1240836
1.924188192351721e-001,0.1162496
1.929071004851721e-001,0.1014803
1.933953817351721e-001,0.08109169
1.938836629851721e-001,0.05743796
1.943719442351721e-001,0.03435772
1.948602254851721e-001,0.0163749
1.953485067351721e-001,0.005915402
1.958367879851721e-001,0.0016008
1.963250692351721e-001,0.000340481
1.968133504851721e-001,6.076978e-05
1.973016317351721e-001,9.464906e-06
1.977899129851721e-001,1.314504e-06
1.982781942351721e-001,1.65461e-07
1.987664754851721e-001,1.913924e-08
1.992547567351721e-001,2.054467e-09
1.997430379851721e-001,1.947748e-10
2.002313192351721e-001,1.728172e-10
2.007196004851721e-001,1.825251e-09
2.012078817351721e-001,1.710042e-08
2.016961629851721e-001,1.478532e-07
2.021844442351721e-001,1.181182e-06
2.026727254851721e-001,8.555569e-06
2.031610067351721e-001,5.529022e-05
2.036492879851721e-001,0.0003122361
2.041375692351721e-001,0.001483762
2.046258504851721e-001,0.005561962
2.051141317351721e-001,0.01563339
2.056024129851721e-001,0.03324615
2.060906942351721e-001,0.05616553
2.065789754851721e-001,0.07992149
2.070672567351721e-001,0.1005954
2.075555379851721e-001,0.1156938
2.080438192351721e-001,0.1238699
2.085321004851721e-001,0.1245635
2.090203817351721e-001,0.1177156
2.095086629851721e-001,0.1038174
2.099969442351721e-001,0.08407044
2.104852254851721e-001,0.06065885
2.109735067351721e-001,0.03723212
2.114617879851721e-001,0.01835183
2.119500692351721e-001,0.00689185
2.124383504851721e-001,0.001935291
2.129266317351721e-001,0.0004232968
2.134149129851721e-001,7.711741e-05
2.139031942351721e-001,1.221344e-05
2.143914754851721e-001,1.720588e-06
2.148797567351721e-001,2.192004e-07
2.153680379851721e-001,2.561269e-08
2.158563192351721e-001,2.782268e-09
2.163446004851721e-001,2.67115e-10
2.168328817351721e-001,1.298064e-10
2.173211629851721e-001,1.34301e-09
2.178094442351721e-001,1.275359e-08
2.182977254851721e-001,1.113922e-07
2.187860067351721e-001,9.002673e-07
2.192742879851721e-001,6.611554e-06
2.197625692351721e-001,4.342491e-05
2.202508504851721e-001,0.0002500862
2.207391317351721e-001,0.00122003
2.212274129851721e-001,0.004739258
2.217156942351721e-001,0.01385265
2.222039754851721e-001,0.03050571
2.226922567351721e-001,0.05296021
2.231805379851721e-001,0.07686164
2.236688192351721e-001,0.09811918
2.241571004851721e-001,0.1140543
2.246453817351721e-001,0.1231976
2.251336629851721e-001,0.1249079
2.256219442351721e-001,0.1190548
2.261102254851721e-001,0.1060484
2.265985067351721e-001,0.08698206
2.270867879851721e-001,0.06387801
2.275750692351721e-001,0.04018978
2.280633504851721e-001,0.02046722
2.285516317351721e-001,0.007987278
2.290399129851721e-001,0.002329206
2.295281942351721e-001,0.0005245759
2.300164754851721e-001,9.762204e-05
2.305047567351721e-001,1.572746e-05
2.309930379851721e-001,2.24813e-06
2.314813192351721e-001,2.899603e-07
2.319696004851721e-001,3.423057e-08
2.324578817351721e-001,3.760011e-09
2.329461629851721e-001,3.680777e-10
2.334344442351721e-001,1.029483e-10
2.339227254851721e-001,9.852733e-10
2.344110067351721e-001,9.498743e-09
2.348992879851721e-001,8.380386e-08
2.353875692351721e-001,6.850064e-07
2.358758504851721e-001,5.09918e-06
2.363641317351721e-001,3.402695e-05
2.368524129851721e-001,0.000199727
2.373406942351721e-001,0.0009991265
2.378289754851721e-001,0.004017435
2.383172567351721e-001,0.01221235
2.388055379851721e-001,0.02787259
2.392938192351721e-001,0.04977967
2.397821004851721e-001,0.07375243
2.402703817351721e-001,0.09554713
2.407586629851721e-001,0.1122932
2.412469442351721e-001,0.1223913
2.417352254851721e-001,0.1251162
2.422235067351721e-001,0.1202653
2.427117879851721e-001,0.1081697
2.432000692351721e-001,0.08981998
2.436883504851721e-001,0.06708509
2.441766317351721e-001,0.04321961
2.446649129851721e-001,0.02271772
2.451531942351721e-001,0.009208133
2.456414754851721e-001,0.002790277
2.461297567351721e-001,0.0006479181
2.466180379851721e-001,0.0001232661
2.471063192351721e-001,2.02097e-05
2.475946004851721e-001,2.932096e-06
2.480828817351721e-001,3.829759e-07
2.485711629851721e-001,4.568769e-08
2.490594442351721e-001,5.071989e-09
2.495477254851721e-001,5.067817e-10
2.505242879851721e-001,7.204347e-10
2.510125692351721e-001,7.064529e-09
2.515008504851721e-001,6.296098e-08
2.519891317351721e-001,5.203589e-07
2.524774129851721e-001,3.925154e-06
2.529656942351721e-001,2.660257e-05
2.534539754851721e-001,0.000159063
2.539422567351721e-001,0.0008150669
2.544305379851721e-001,0.003388298
2.549188192351721e-001,0.01071083
2.554071004851721e-001,0.02535538
2.558953817351721e-001,0.04663546
2.563836629851721e-001,0.07060213
2.568719442351721e-001,0.09288399
2.573602254851721e-001,0.110413
2.578485067351721e-001,0.121452
2.583367879851721e-001,0.1251882
2.588250692351721e-001,0.1213455
2.593133504851721e-001,0.1101778
2.598016317351721e-001,0.09257814
2.602899129851721e-001,0.0702702
2.607781942351721e-001,0.0463102
2.612664754851721e-001,0.02509851
2.617547567351721e-001,0.01055994
2.622430379851721e-001,0.003326569
2.627313192351721e-001,0.0007974665
2.632196004851721e-001,0.0001552412
2.637078817351721e-001,2.591325e-05
2.641961629851721e-001,3.817073e-06
2.646844442351721e-001,5.050379e-07
2.651727254851721e-001,6.089819e-08
2.656610067351721e-001,6.830438e-09
2.661492879851721e-001,6.956946e-10
2.671258504851721e-001,5.24949e-10
2.676141317351721e-001,5.246204e-09
2.681024129851721e-001,4.723768e-08
2.685906942351721e-001,3.946508e-07
2.690789754851721e-001,3.015712e-06
2.695672567351721e-001,2.075212e-05
2.700555379851721e-001,0.0001263363
2.705438192351721e-001,0.0006624697
2.710321004851721e-001,0.002843529
2.715203817351721e-001,0.009345034
2.720086629851721e-001,0.02296156
2.724969442351721e-001,0.04353923
2.729852254851721e-001,0.06741956
2.734735067351721e-001,0.09013493
2.739617879851721e-001,0.1084163
2.744500692351721e-001,0.1203808
2.749383504851721e-001,0.1251237
2.754266317351721e-001,0.1222942
2.759149129851721e-001,0.1120698
2.764031942351721e-001,0.09525092
2.768914754851721e-001,0.07342394
2.773797567351721e-001,0.04944991
2.778680379851721e-001,0.02760343
2.783563192351721e-001,0.01204713
2.788446004851721e-001,0.003946348
2.793328817351721e-001,0.0009779406
2.798211629851721e-001,0.0001949849
2.803094442351721e-001,3.315312e-05
2.807977254851721e-001,4.959769e-06
2.812860067351721e-001,6.649357e-07
2.817742879851721e-001,8.106258e-08
2.822625692351721e-001,9.184562e-09
2.827508504851721e-001,9.517073e-10
2.832391317351721e-001,1.008738e-10
2.837274129851721e-001,3.813359e-10
2.842156942351721e-001,3.889514e-09
2.847039754851721e-001,3.53936e-08
2.851922567351721e-001,2.981845e-07
2.856805379851721e-001,2.311372e-06
2.861688192351721e-001,1.615259e-05
2.866571004851721e-001,0.0001000808
2.871453817351721e-001,0.000536552
2.876336629851721e-001,0.002374849
2.881219442351721e-001,0.008110668
2.886102254851721e-001,0.02069742
2.890985067351721e-001,0.0405026
2.895867879851721e-001,0.06421403
2.900750692351721e-001,0.08730555
2.905633504851721e-001,0.1063382
2.910516317351721e-001,0.1192461
2.915399129851721e-001,0.1249599
2.920281942351721e-001,0.1231107
2.925164754851721e-001,0.1138169
2.930047567351721e-001,0.09778412
2.934930379851721e-001,0.07651313
2.939813192351721e-001,0.0526271
2.944696004851721e-001,0.03022512
2.949578817351721e-001,0.01367288
2.954461629851721e-001,0.004657942
2.959344442351721e-001,0.001194658
2.964227254851721e-001,0.0002442222
2.969110067351721e-001,4.232001e-05
2.973992879851721e-001,6.432113e-06
2.978875692351721e-001,8.740212e-07
2.983758504851721e-001,1.077546e-07
2.988641317351721e-001,1.233242e-08
2.993524129851721e-001,1.297579e-09
2.998406942351721e-001,1.261341e-10
3.003289754851721e-001,2.766843e-10
3.008172567351721e-001,2.878425e-09
3.013055379851721e-001,2.648418e-08
3.017938192351721e-001,2.254811e-07
3.022821004851721e-001,1.769402e-06
3.027703817351721e-001,1.254642e-05
3.032586629851721e-001,7.90807e-05
3.037469442351721e-001,0.0004331111
3.042352254851721e-001,0.001974169
3.047235067351721e-001,0.007002315
3.052117879851721e-001,0.01856791
3.057000692351721e-001,0.03753705
3.061883504851721e-001,0.06099538
3.066766317351721e-001,0.0844019
3.071649129851721e-001,0.1041203
3.076531942351721e-001,0.1179201
3.081414754851721e-001,0.1246255
3.086297567351721e-001,0.1237929
3.091180379851721e-001,0.1154696
3.096063192351721e-001,0.1002731
3.100946004851721e-001,0.07957931
3.105828817351721e-001,0.05583023
3.110711629851721e-001,0.03295506
3.115594442351721e-001,0.01543902
3.120477254851721e-001,0.005469574
3.125360067351721e-001,0.001453538
3.130242879851721e-001,0.0003050101
3.135125692351721e-001,5.389682e-05
3.140008504851721e-001,8.325109e-06
3.144891317351721e-001,1.146923e-06
3.149774129851721e-001,1.430334e-07
3.154656942351721e-001,1.653653e-08
3.159539754851721e-001,1.763867e-09
3.164422567351721e-001,1.672048e-10
3.169305379851721e-001,2.015401e-10
3.174188192351721e-001,2.125779e-09
3.179071004851721e-001,1.979141e-08
3.183953817351721e-001,1.702486e-07
3.188836629851721e-001,1.352103e-06
3.193719442351721e-001,9.725108e-06
3.198602254851721e-001,6.233299e-05
3.203485067351721e-001,0.0003484911
3.208367879851721e-001,0.001633717
3.213250692351721e-001,0.006013628
3.218133504851721e-001,0.01657656
3.223016317351721e-001,0.03465368
3.227899129851721e-001,0.05777395
3.232781942351721e-001,0.08143046
3.237664754851721e-001,0.1017961
3.242547567351721e-001,0.1164672
3.247430379851721e-001,0.1241555
3.252313192351721e-001,0.1243405
3.257196004851721e-001,0.1169983
3.262078817351721e-001,0.1026619
3.266961629851721e-001,0.08258904
3.271844442351721e-001,0.05904795
3.276727254851721e-001,0.03578383
3.281610067351721e-001,0.0173459
3.286492879851721e-001,0.006389187
3.291375692351721e-001,0.001761085
3.296258504851721e-001,0.0003797859
3.301141317351721e-001,6.847813e-05
3.306024129851721e-001,1.075446e-05
3.310906942351721e-001,1.504232e-06
3.315789754851721e-001,1.904796e-07
3.320672567351721e-001,2.214427e-08
3.325555379851721e-001,2.391502e-09
3.330438192351721e-001,2.278294e-10
3.335321004851721e-001,1.490853e-10
3.340203817351721e-001,1.56621e-09
3.345086629851721e-001,1.477041e-08
3.349969442351721e-001,1.283573e-07
3.354852254851721e-001,1.031422e-06
3.359735067351721e-001,7.522888e-06
3.364617879851721e-001,4.90141e-05
3.369500692351721e-001,0.0002795419
3.374383504851721e-001,0.001346146
3.379266317351721e-001,0.005137498
3.384149129851721e-001,0.01472542
3.389031942351721e-001,0.03186309
3.393914754851721e-001,0.05456048
3.398797567351721e-001,0.07839824
3.403680379851721e-001,0.09936954
3.408563192351721e-001,0.1148894
3.413446004851721e-001,0.1235505
3.418328817351721e-001,0.1247527
3.423211629851721e-001,0.1184012
3.428094442351721e-001,0.1049464
3.432977254851721e-001,0.08553506
3.437860067351721e-001,0.06226931
3.442742879851721e-001,0.03870122
3.447625692351721e-001,0.01939239
3.452508504851721e-001,0.007424268
3.457391317351721e-001,0.002124346
3.462274129851721e-001,0.0004714158
3.467156942351721e-001,8.679318e-05
3.472039754851721e-001,1.386315e-05
3.476922567351721e-001,1.967191e-06
3.481805379851721e-001,2.521575e-07
3.486688192351721e-001,2.961462e-08
3.491571004851721e-001,3.235194e-09
3.496453817351721e-001,3.135166e-10
3.501336629851721e-001,1.14543e-10
3.506219442351721e-001,1.15077e-09
3.511102254851721e-001,1.100841e-08
3.515985067351721e-001,9.663522e-08
3.520867879851721e-001,7.854588e-07
3.525750692351721e-001,5.807752e-06
3.530633504851721e-001,3.845079e-05
3.535516317351721e-001,0.0002235722
3.540399129851721e-001,0.001104613
3.545281942351721e-001,0.004366244
3.550164754851721e-001,0.01301501
3.555047567351721e-001,0.02917517
3.559930379851721e-001,0.05136612
3.564813192351721e-001,0.0753127
3.569696004851721e-001,0.09684485
3.574578817351721e-001,0.1131888
3.579461629851721e-001,0.1228111
3.584344442351721e-001,0.1250291
3.589227254851721e-001,0.1196762
3.594110067351721e-001,0.107123
3.598992879851721e-001,0.08841062
3.603875692351721e-001,0.06548369
3.608758504851721e-001,0.04169638
3.613641317351721e-001,0.02157585
3.618524129851721e-001,0.008581658
3.623406942351721e-001,0.002550849
3.628289754851721e-001,0.0005832434
3.633172567351721e-001,0.0001097325
3.638055379851721e-001,1.783304e-05
3.642938192351721e-001,2.568025e-06
3.647821004851721e-001,3.333028e-07
3.652703817351721e-001,3.955293e-08
3.657586629851721e-001,4.367955e-09
3.662469442351721e-001,4.320223e-10
3.667352254851721e-001,9.475849e-11
3.672235067351721e-001,8.428761e-10
3.677117879851721e-001,8.193204e-09
3.682000692351721e-001,7.26511e-08
3.686883504851721e-001,5.971551e-07
3.691766317351721e-001,4.474892e-06
3.696649129851721e-001,3.009503e-05
3.701531942351721e-001,0.0001783003
3.706414754851721e-001,0.0009028417
3.711297567351721e-001,0.0036918
3.716180379851721e-001,0.0114444
3.721063192351721e-001,0.026599
3.725946004851721e-001,0.04820229
3.730828817351721e-001,0.07218188
3.735711629851721e-001,0.09422663
3.740594442351721e-001,0.1113678
3.745477254851721e-001,0.1219382
3.750360067351721e-001,0.1251692
3.755242879851721e-001,0.1208218
3.760125692351721e-001,0.1091881
3.765008504851721e-001,0.0912094
3.769891317351721e-001,0.06868099
3.774774129851721e-001,0.04475804
3.779656942351721e-001,0.02389218
3.784539754851721e-001,0.009867363
3.789422567351721e-001,0.003048507
3.794305379851721e-001,0.0007191354
3.799188192351721e-001,0.0001383787
3.804071004851721e-001,2.289072e-05
3.808953817351721e-001,3.346231e-06
3.813836629851721e-001,4.398795e-07
3.818719442351721e-001,5.275636e-08
3.823602254851721e-001,5.88707e-09
3.828485067351721e-001,5.940249e-10
3.838250692351721e-001,6.152377e-10
3.843133504851721e-001,6.089044e-09
3.848016317351721e-001,5.454477e-08
3.852899129851721e-001,4.532567e-07
3.857781942351721e-001,3.441321e-06
3.862664754851721e-001,2.350238e-05
3.867547567351721e-001,0.0001418055
3.872430379851721e-001,0.0007351483
3.877313192351721e-001,0.003105887
3.882196004851721e-001,0.0100112
3.887078817351721e-001,0.02414262
3.891961629851721e-001,0.04508061
3.896844442351721e-001,0.06901431
3.901727254851721e-001,0.09151985
3.906610067351721e-001,0.109429
3.911492879851721e-001,0.1209328
3.916375692351721e-001,0.125173
3.921258504851721e-001,0.1218364
3.926141317351721e-001,0.1111385
3.931024129851721e-001,0.09392554
3.935906942351721e-001,0.07185155
3.940789754851721e-001,0.04787464
3.945672567351721e-001,0.02633589
3.950555379851721e-001,0.01128638
3.955438192351721e-001,0.003625501
3.960321004851721e-001,0.0008835196
3.965203817351721e-001,0.0001740414
3.970086629851721e-001,2.931868e-05
3.974969442351721e-001,4.352109e-06
3.979852254851721e-001,5.796154e-07
3.984735067351721e-001,7.027271e-08
3.989617879851721e-001,7.921969e-09
3.994500692351721e-001,8.140484e-10
3.999383504851721e-001,9.340168e-11
4.004266317351721e-001,4.475577e-10
4.009149129851721e-001,4.51818e-09
4.014031942351721e-001,4.089581e-08
4.018914754851721e-001,3.427072e-07
4.023797567351721e-001,2.639953e-06
4.028680379851721e-001,1.831298e-05
4.033563192351721e-001,0.0001124811
4.038446004851721e-001,0.0005964519
4.043328817351721e-001,0.002600189
4.048211629851721e-001,0.008711737
4.053094442351721e-001,0.02181294
4.057977254851721e-001,0.04201274
4.062860067351721e-001,0.06581905
4.067742879851721e-001,0.08872992
4.072625692351721e-001,0.1074061
4.077508504851721e-001,0.119861
4.082391317351721e-001,0.1250761
4.087274129851721e-001,0.1227194
4.092156942351721e-001,0.1129698
4.097039754851721e-001,0.0965534
4.101922567351721e-001,0.07498628
4.106805379851721e-001,0.05103455
4.111688192351721e-001,0.02890019
4.116571004851721e-001,0.01284254
4.121453817351721e-001,0.00429015
4.126336629851721e-001,0.001081413
4.131219442351721e-001,0.0002182966
4.136102254851721e-001,3.746787e-05
4.140985067351721e-001,5.649545e-06
4.145867879851721e-001,7.625021e-07
4.150750692351721e-001,9.347683e-08
4.155633504851721e-001,1.064459e-08
4.160516317351721e-001,1.11171e-09
4.165399129851721e-001,1.117026e-10
4.170281942351721e-001,3.248009e-10
4.175164754851721e-001,3.346802e-09
4.180047567351721e-001,3.062155e-08
4.184930379851721e-001,2.593463e-07
4.189813192351721e-001,2.022768e-06
4.194696004851721e-001,1.423951e-05
4.199578817351721e-001,8.89911e-05
4.204461629851721e-001,0.0004822628
4.209344442351721e-001,0.002166504
4.214227254851721e-001,0.007541117
4.219110067351721e-001,0.01961558
4.223992879851721e-001,0.03901024
4.228875692351721e-001,0.06260571
4.233758504851721e-001,0.08586262
4.238641317351721e-001,0.1052427
4.243524129851721e-001,0.1185991
4.248406942351721e-001,0.1248097
4.253289754851721e-001,0.1234686
4.258172567351721e-001,0.1146586
4.263055379851721e-001,0.09904085
4.267938192351721e-001,0.0780528
4.272821004851721e-001,0.05422614
4.277703817351721e-001,0.03157713
4.282586629851721e-001,0.01453835
4.287469442351721e-001,0.005050748
4.292352254851721e-001,0.001318435
4.297235067351721e-001,0.0002730295
4.302117879851721e-001,4.777288e-05
4.307000692351721e-001,7.319475e-06
4.311883504851721e-001,1.00143e-06
4.316766317351721e-001,1.241693e-07
4.321649129851721e-001,1.4283e-08
4.326531942351721e-001,1.513391e-09
4.331414754851721e-001,1.44496e-10
4.336297567351721e-001,2.359038e-10
4.341180379851721e-001,2.474323e-09
4.346063192351721e-001,2.289829e-08
4.350946004851721e-001,1.959645e-07
4.355828817351721e-001,1.547084e-06
4.360711629851721e-001,1.104889e-05
4.365594442351721e-001,7.023062e-05
4.370477254851721e-001,0.0003886567
4.375360067351721e-001,0.001796885
4.380242879851721e-001,0.006493443
4.385125692351721e-001,0.0175548
4.390008504851721e-001,0.03608442
4.394891317351721e-001,0.05938435
4.399774129851721e-001,0.08292423
4.404656942351721e-001,0.1029712
4.409539754851721e-001,0.1172094
4.414422567351721e-001,0.1244074
4.419305379851721e-001,0.1240836
4.424188192351721e-001,0.1162496
4.429071004851721e-001,0.1014803
4.433953817351721e-001,0.08109169
4.438836629851721e-001,0.05743796
4.443719442351721e-001,0.03435772
4.448602254851721e-001,0.0163749
4.453485067351721e-001,0.005915402
4.458367879851721e-001,0.0016008
4.463250692351721e-001,0.000340481
4.468133504851721e-001,6.076978e-05
4.473016317351721e-001,9.464906e-06
4.477899129851721e-001,1.314504e-06
4.482781942351721e-001,1.65461e-07
4.487664754851721e-001,1.913924e-08
4.492547567351721e-001,2.054467e-09
4.497430379851721e-001,1.947748e-10
4.502313192351721e-001,1.728172e-10
4.507196004851721e-001,1.825251e-09
4.512078817351721e-001,1.710042e-08
4.516961629851721e-001,1.478532e-07
4.521844442351721e-001,1.181182e-06
4.526727254851721e-001,8.555569e-06
4.531610067351721e-001,5.529022e-05
4.536492879851721e-001,0.0003122361
4.541375692351721e-001,0.001483762
4.546258504851721e-001,0.005561962
4.551141317351721e-001,0.01563339
4.556024129851721e-001,0.03324615
4.560906942351721e-001,0.05616553
4.565789754851721e-001,0.07992149
4.570672567351721e-001,0.1005954
4.575555379851721e-001,0.1156938
4.580438192351721e-001,0.1238699
4.585321004851721e-001,0.1245635
4.590203817351721e-001,0.1177156
4.595086629851721e-001,0.1038174
4.599969442351721e-001,0.08407044
4.604852254851721e-001,0.06065885
4.609735067351721e-001,0.03723212
4.614617879851721e-001,0.01835183
4.619500692351721e-001,0.00689185
4.624383504851721e-001,0.001935291
4.629266317351721e-001,0.0004232968
4.634149129851721e-001,7.711741e-05
4.639031942351721e-001,1.221344e-05
4.643914754851721e-001,1.720588e-06
4.648797567351721e-001,2.192004e-07
4.653680379851721e-001,2.561269e-08
4.658563192351721e-001,2.782268e-09
4.663446004851721e-001,2.67115e-10
4.668328817351721e-001,1.298064e-10
4.673211629851721e-001,1.34301e-09
4.678094442351721e-001,1.275359e-08
4.682977254851721e-001,1.113922e-07
4.687860067351721e-001,9.002673e-07
4.692742879851721e-001,6.611554e-06
4.697625692351721e-001,4.342491e-05
4.702508504851721e-001,0.0002500862
4.707391317351721e-001,0.00122003
4.712274129851721e-001,0.004739258
4.717156942351721e-001,0.01385265
4.722039754851721e-001,0.03050571
4.726922567351721e-001,0.05296021
4.731805379851721e-001,0.07686164
4.736688192351721e-001,0.09811918
4.741571004851721e-001,0.1140543
4.746453817351721e-001,0.1231976
4.751336629851721e-001,0.1249079
4.756219442351721e-001,0.1190548
4.761102254851721e-001,0.1060484
4.765985067351721e-001,0.08698206
4.770867879851721e-001,0.06387801
4.775750692351721e-001,0.04018978
4.780633504851721e-001,0.02046722
4.785516317351721e-001,0.007987278
4.790399129851721e-001,0.002329206
4.795281942351721e-001,0.0005245759
4.800164754851721e-001,9.762204e-05
4.805047567351721e-001,1.572746e-05
4.809930379851721e-001,2.24813e-06
4.814813192351721e-001,2.899603e-07
4.819696004851721e-001,3.423057e-08
4.824578817351721e-001,3.760011e-09
4.829461629851721e-001,3.680777e-10
4.834344442351721e-001,1.029483e-10
4.839227254851721e-001,9.852733e-10
4.844110067351721e-001,9.498743e-09
4.848992879851721e-001,8.380386e-08
4.853875692351721e-001,6.850064e-07
4.858758504851721e-001,5.09918e-06
4.863641317351721e-001,3.402695e-05
4.868524129851721e-001,0.000199727
4.873406942351721e-001,0.0009991265
4.878289754851721e-001,0.004017435
4.883172567351721e-001,0.01221235
4.888055379851721e-001,0.02787259
4.892938192351721e-001,0.04977967
4.897821004851721e-001,0.07375243
4.902703817351721e-001,0.09554713
4.907586629851721e-001,0.1122932
4.912469442351721e-001,0.1223913
4.917352254851721e-001,0.1251162
4.922235067351721e-001,0.1202653
4.927117879851721e-001,0.1081697
4.932000692351721e-001,0.08981998
4.936883504851721e-001,0.06708509
4.941766317351721e-001,0.04321961
4.946649129851721e-001,0.02271772
4.951531942351721e-001,0.009208133
4.956414754851721e-001,0.002790277
4.961297567351721e-001,0.0006479181
4.966180379851721e-001,0.0001232661
4.971063192351721e-001,2.02097e-05
4.975946004851721e-001,2.932096e-06
4.980828817351721e-001,3.829759e-07
4.985711629851721e-001,4.568769e-08
4.990594442351721e-001,5.071989e-09
4.995477254851721e-001,4.899549e-10
5.000000000000000e-001,-5.961302e-15
