0.000000000000000e+000,0.0
5.242879851721227e-004,1.763765e-11
1.012569235172123e-003,6.884027e-11
1.500850485172123e-003,1.712899e-10
1.989131735172123e-003,3.704411e-10
2.477412985172123e-003,7.394938e-10
2.965694235172123e-003,1.395158e-09
3.453975485172123e-003,2.508407e-09
3.942256735172123e-003,4.305225e-09
4.430537985172123e-003,7.045479e-09
4.918819235172123e-003,1.096818e-08
5.407100485172123e-003,1.61999e-08
5.895381735172123e-003,2.264177e-08
6.383662985172123e-003,2.987476e-08
6.871944235172123e-003,3.713856e-08
7.360225485172123e-003,4.342906e-08
7.848506735172123e-003,4.771672e-08
8.336787985172123e-003,4.922591e-08
8.825069235172123e-003,4.767055e-08
9.313350485172123e-003,4.334545e-08
9.801631735172123e-003,3.703218e-08
1.028991298517212e-002,2.976195e-08
1.077819423517212e-002,2.253642e-08
1.126647548517212e-002,1.611101e-08
1.175475673517212e-002,1.089937e-08
1.224303798517212e-002,6.996086e-09
1.273131923517212e-002,4.272084e-09
1.321960048517212e-002,2.487474e-09
1.370788173517212e-002,1.38263e-09
1.419616298517212e-002,7.323471e-10
1.468444423517212e-002,3.665371e-10
1.517272548517212e-002,1.692465e-10
1.566100673517212e-002,6.783349e-11
1.614928798517212e-002,2.04325e-11
1.712585048517212e-002,1.722579e-11
1.761413173517212e-002,5.993883e-11
1.810241298517212e-002,1.532286e-10
1.859069423517212e-002,3.360557e-10
1.907897548517212e-002,6.767916e-10
1.956725673517212e-002,1.28562e-09
2.005553798517212e-002,2.325909e-09
2.054381923517212e-002,4.016917e-09
2.103210048517212e-002,6.616331e-09
2.152038173517212e-002,1.037049e-08
2.200866298517212e-002,1.542732e-08
2.249694423517212e-002,2.172439e-08
2.298522548517212e-002,2.88888e-08
2.347350673517212e-002,3.620295e-08
2.396178798517212e-002,4.268493e-08
2.445006923517212e-002,4.729283e-08
2.493835048517212e-002,4.92014e-08
2.542663173517212e-002,4.805013e-08
2.591491298517212e-002,4.405783e-08
2.640319423517212e-002,3.795262e-08
2.689147548517212e-002,3.07488e-08
2.737975673517212e-002,2.346675e-08
2.786803798517212e-002,1.690308e-08
2.835631923517212e-002,1.151795e-08
2.884460048517212e-002,7.44397e-09
2.933288173517212e-002,4.575249e-09
2.982116298517212e-002,2.680673e-09
3.030944423517212e-002,1.499292e-09
3.079772548517212e-002,7.994885e-10
3.128600673517212e-002,4.035415e-10
3.177428798517212e-002,1.88792e-10
3.226256923517212e-002,7.756764e-11
3.275085048517212e-002,2.455968e-11
3.372741298517212e-002,1.413972e-11
3.421569423517212e-002,5.190887e-11
3.470397548517212e-002,1.36717e-10
3.519225673517212e-002,3.044166e-10
3.568053798517212e-002,6.187765e-10
3.616881923517212e-002,1.183668e-09
3.665710048517212e-002,2.154917e-09
3.714538173517212e-002,3.744768e-09
3.763366298517212e-002,6.207851e-09
3.812194423517212e-002,9.796266e-09
3.861022548517212e-002,1.467724e-08
3.909850673517212e-002,2.082297e-08
3.958678798517212e-002,2.790592e-08
4.007506923517212e-002,3.525265e-08
4.056335048517212e-002,4.190716e-08
4.105163173517212e-002,4.682024e-08
4.153991298517212e-002,4.912162e-08
4.202819423517212e-002,4.837844e-08
4.251647548517212e-002,4.473222e-08
4.300475673517212e-002,3.885352e-08
4.349303798517212e-002,3.173462e-08
4.398131923517212e-002,2.441036e-08
4.446960048517212e-002,1.771659e-08
4.495788173517212e-002,1.216019e-08
4.544616298517212e-002,7.913459e-09
4.593444423517212e-002,4.895767e-09
4.642272548517212e-002,2.886502e-09
4.691100673517212e-002,1.624432e-09
4.739928798517212e-002,8.719496e-10
4.788756923517212e-002,4.437014e-10
4.837585048517212e-002,2.101313e-10
4.886413173517212e-002,8.830579e-11
4.935241298517212e-002,2.928284e-11
4.984069423517212e-002,7.127216e-12
5.032897548517212e-002,1.156619e-11
5.081725673517212e-002,4.468875e-11
5.130553798517212e-002,1.21639e-10
5.179381923517212e-002,2.753266e-10
5.228210048517212e-002,5.651384e-10
5.277038173517212e-002,1.088853e-09
5.325866298517212e-002,1.994854e-09
5.374694423517212e-002,3.488138e-09
5.423522548517212e-002,5.819493e-09
5.472350673517212e-002,9.245302e-09
5.521178798517212e-002,1.39501e-08
5.570006923517212e-002,1.993872e-08
5.618835048517212e-002,2.692816e-08
5.667663173517212e-002,3.42902e-08
5.716491298517212e-002,4.109817e-08
5.765319423517212e-002,4.630056e-08
5.814147548517212e-002,4.898684e-08
5.862975673517212e-002,4.865433e-08
5.911803798517212e-002,4.536644e-08
5.960631923517212e-002,3.973233e-08
6.009460048517212e-002,3.271709e-08
6.058288173517212e-002,2.536568e-08
6.107116298517212e-002,1.855083e-08
6.155944423517212e-002,1.282609e-08
6.204772548517212e-002,8.404998e-09
6.253600673517212e-002,5.234265e-09
6.302428798517212e-002,3.105573e-09
6.351256923517212e-002,1.758551e-09
6.400085048517212e-002,9.500913e-10
6.448913173517212e-002,4.872538e-10
6.497741298517212e-002,2.334082e-10
6.546569423517212e-002,1.001277e-10
6.595397548517212e-002,3.463942e-11
6.644225673517212e-002,8.45241e-12
6.693053798517212e-002,9.484365e-12
6.741881923517212e-002,3.822273e-11
6.790710048517212e-002,1.078874e-10
6.839538173517212e-002,2.486008e-10
6.888366298517212e-002,5.15584e-10
6.937194423517212e-002,1.00075e-09
6.986022548517212e-002,1.84516e-09
7.034850673517212e-002,3.246392e-09
7.083678798517212e-002,5.45069e-09
7.132506923517212e-002,8.717337e-09
7.181335048517212e-002,1.324621e-08
7.230163173517212e-002,1.90728e-08
7.278991298517212e-002,2.595749e-08
7.327819423517212e-002,3.33181e-08
7.376647548517212e-002,4.026043e-08
7.425475673517212e-002,4.573553e-08
7.474303798517212e-002,4.879753e-08
7.523131923517212e-002,4.887685e-08
7.571960048517212e-002,4.595841e-08
7.620788173517212e-002,4.058647e-08
7.669616298517212e-002,3.369386e-08
7.718444423517212e-002,2.633103e-08
7.767272548517212e-002,1.940496e-08
7.816100673517212e-002,1.351555e-08
7.864928798517212e-002,8.918988e-09
7.913756923517212e-002,5.591356e-09
7.962585048517212e-002,3.338508e-09
8.011413173517212e-002,1.902166e-09
8.060241298517212e-002,1.034293e-09
8.109069423517212e-002,5.344508e-10
8.157897548517212e-002,2.587769e-10
8.206725673517212e-002,1.131202e-10
8.255553798517212e-002,4.06716e-11
8.304381923517212e-002,1.024397e-11
8.353210048517212e-002,7.87734e-12
8.402038173517212e-002,3.246048e-11
8.450866298517212e-002,9.536309e-11
8.499694423517212e-002,2.240668e-10
8.548522548517212e-002,4.69836e-10
8.597350673517212e-002,9.189478e-10
8.646178798517212e-002,1.705288e-09
8.695006923517212e-002,3.018895e-09
8.743835048517212e-002,5.100853e-09
8.792663173517212e-002,8.212048e-09
8.841491298517212e-002,1.25658e-08
8.890319423517212e-002,1.82262e-08
8.939147548517212e-002,2.499576e-08
8.987975673517212e-002,3.233881e-08
9.036803798517212e-002,3.939646e-08
9.085631923517212e-002,4.512704e-08
9.134460048517212e-002,4.855436e-08
9.183288173517212e-002,4.904523e-08
9.232116298517212e-002,4.650618e-08
9.280944423517212e-002,4.141341e-08
9.329772548517212e-002,3.466251e-08
9.378600673517212e-002,2.730462e-08
9.427428798517212e-002,2.027804e-08
9.476256923517212e-002,1.422842e-08
9.525085048517212e-002,9.455784e-09
9.573913173517212e-002,5.967641e-09
9.622741298517212e-002,3.585936e-09
9.671569423517212e-002,2.055813e-09
9.720397548517212e-002,1.124952e-09
9.769225673517212e-002,5.855597e-10
9.818053798517212e-002,2.864029e-10
9.866881923517212e-002,1.273776e-10
9.915710048517212e-002,4.742656e-11
9.964538173517212e-002,1.251647e-11
1.006219442351721e-001,2.735681e-11
1.011102254851721e-001,8.397469e-11
1.015985067351721e-001,2.015633e-10
1.020867879851721e-001,4.27633e-10
1.025750692351721e-001,8.430566e-10
1.030633504851721e-001,1.574711e-09
1.035516317351721e-001,2.805023e-09
1.040399129851721e-001,4.769375e-09
1.045281942351721e-001,7.729064e-09
1.050164754851721e-001,1.1909e-08
1.055047567351721e-001,1.739983e-08
1.059930379851721e-001,2.404472e-08
1.064813192351721e-001,3.135474e-08
1.069696004851721e-001,3.850882e-08
1.074578817351721e-001,4.447708e-08
1.079461629851721e-001,4.825815e-08
1.084344442351721e-001,4.915887e-08
1.089227254851721e-001,4.700792e-08
1.094110067351721e-001,4.221064e-08
1.098992879851721e-001,3.562054e-08
1.103875692351721e-001,2.828456e-08
1.108758504851721e-001,2.116901e-08
1.113641317351721e-001,1.496443e-08
1.118524129851721e-001,1.001568e-08
1.123406942351721e-001,6.363701e-09
1.128289754851721e-001,3.848491e-09
1.133172567351721e-001,2.220042e-09
1.138055379851721e-001,1.222485e-09
1.142938192351721e-001,6.40864e-10
1.147821004851721e-001,3.164634e-10
1.152703817351721e-001,1.430021e-10
1.157586629851721e-001,5.495666e-11
1.162469442351721e-001,1.528833e-11
1.172235067351721e-001,2.287142e-11
1.177117879851721e-001,7.363819e-11
1.182000692351721e-001,1.809402e-10
1.186883504851721e-001,3.887289e-10
1.191766317351721e-001,7.727042e-10
1.196649129851721e-001,1.452917e-09
1.201531942351721e-001,2.604155e-09
1.206414754851721e-001,4.455637e-09
1.211297567351721e-001,7.267964e-09
1.216180379851721e-001,1.127588e-08
1.221063192351721e-001,1.659448e-08
1.225946004851721e-001,2.310601e-08
1.230828817351721e-001,3.036822e-08
1.235711629851721e-001,3.760005e-08
1.240594442351721e-001,4.378778e-08
1.245477254851721e-001,4.790996e-08
1.250360067351721e-001,4.921739e-08
1.255242879851721e-001,4.746193e-08
1.260125692351721e-001,4.297572e-08
1.265008504851721e-001,3.656545e-08
1.269891317351721e-001,2.926883e-08
1.274774129851721e-001,2.20767e-08
1.279656942351721e-001,1.572321e-08
1.284539754851721e-001,1.059893e-08
1.289422567351721e-001,6.780096e-09
1.294305379851721e-001,4.126813e-09
1.299188192351721e-001,2.395421e-09
1.304071004851721e-001,1.327327e-09
1.308953817351721e-001,7.006634e-10
1.313836629851721e-001,3.49148e-10
1.318719442351721e-001,1.601043e-10
1.323602254851721e-001,6.331983e-11
1.328485067351721e-001,1.858193e-11
1.338250692351721e-001,1.896863e-11
1.343133504851721e-001,6.427645e-11
1.348016317351721e-001,1.620579e-10
1.352899129851721e-001,3.528922e-10
1.357781942351721e-001,7.075368e-10
1.362664754851721e-001,1.339413e-09
1.367547567351721e-001,2.415683e-09
1.372430379851721e-001,4.159011e-09
1.377313192351721e-001,6.828289e-09
1.382196004851721e-001,1.066639e-08
1.387078817351721e-001,1.581083e-08
1.391961629851721e-001,2.218117e-08
1.396844442351721e-001,2.938153e-08
1.401727254851721e-001,3.667275e-08
1.406610067351721e-001,4.306135e-08
1.411492879851721e-001,4.751096e-08
1.416375692351721e-001,4.922057e-08
1.421258504851721e-001,4.786668e-08
1.426141317351721e-001,4.370625e-08
1.431024129851721e-001,3.749468e-08
1.435906942351721e-001,3.025537e-08
1.440789754851721e-001,2.299983e-08
1.445672567351721e-001,1.650433e-08
1.450555379851721e-001,1.12057e-08
1.455438192351721e-001,7.217357e-09
1.460321004851721e-001,4.421537e-09
1.465203817351721e-001,2.582532e-09
1.470086629851721e-001,1.439931e-09
1.474969442351721e-001,7.652746e-10
1.479852254851721e-001,3.846591e-10
1.484735067351721e-001,1.788036e-10
1.489617879851721e-001,7.257978e-11
1.494500692351721e-001,2.242375e-11
1.504266317351721e-001,1.561723e-11
1.509149129851721e-001,5.581892e-11
1.514031942351721e-001,1.447866e-10
1.518914754851721e-001,3.199055e-10
1.523797567351721e-001,6.472179e-10
1.528680379851721e-001,1.233724e-09
1.533563192351721e-001,2.239011e-09
1.538446004851721e-001,3.878863e-09
1.543328817351721e-001,6.409541e-09
1.548211629851721e-001,1.008046e-08
1.553094442351721e-001,1.504944e-08
1.557977254851721e-001,2.127161e-08
1.562860067351721e-001,2.839685e-08
1.567742879851721e-001,3.572948e-08
1.572625692351721e-001,4.23001e-08
1.577508504851721e-001,4.706252e-08
1.582391317351721e-001,4.916841e-08
1.587274129851721e-001,4.822077e-08
1.592156942351721e-001,4.439991e-08
1.597039754851721e-001,3.840567e-08
1.601922567351721e-001,3.124198e-08
1.606805379851721e-001,2.393699e-08
1.611688192351721e-001,1.73072e-08
1.616571004851721e-001,1.183611e-08
1.621453817351721e-001,7.675986e-09
1.626336629851721e-001,4.7333e-09
1.631219442351721e-001,2.781971e-09
1.636102254851721e-001,1.560771e-09
1.640985067351721e-001,8.350319e-10
1.645867879851721e-001,4.232125e-10
1.650750692351721e-001,1.992287e-10
1.655633504851721e-001,8.280639e-11
1.660516317351721e-001,2.684453e-11
1.670281942351721e-001,1.279028e-11
1.675164754851721e-001,4.82012e-11
1.680047567351721e-001,1.290057e-10
1.684930379851721e-001,2.895648e-10
1.689813192351721e-001,5.914291e-10
1.694696004851721e-001,1.135395e-09
1.699578817351721e-001,2.073555e-09
1.704461629851721e-001,3.614552e-09
1.709344442351721e-001,6.011191e-09
1.714227254851721e-001,9.517891e-09
1.719110067351721e-001,1.431078e-08
1.723992879851721e-001,2.037862e-08
1.728875692351721e-001,2.741627e-08
1.733758504851721e-001,3.477279e-08
1.738641317351721e-001,4.150642e-08
1.743524129851721e-001,4.656618e-08
1.748406942351721e-001,4.906108e-08
1.753289754851721e-001,4.8523e-08
1.758172567351721e-001,4.505448e-08
1.763055379851721e-001,3.929585e-08
1.767938192351721e-001,3.222642e-08
1.772821004851721e-001,2.488666e-08
1.777703817351721e-001,1.813117e-08
1.782586629851721e-001,1.249018e-08
1.787469442351721e-001,8.156446e-09
1.792352254851721e-001,5.06273e-09
1.797235067351721e-001,2.994344e-09
1.802117879851721e-001,1.690337e-09
1.807000692351721e-001,9.102871e-10
1.811883504851721e-001,4.650381e-10
1.816766317351721e-001,2.215182e-10
1.821649129851721e-001,9.407602e-11
1.826531942351721e-001,3.187943e-11
1.831414754851721e-001,7.732279e-12
1.836297567351721e-001,1.046496e-11
1.841180379851721e-001,4.136474e-11
1.846063192351721e-001,1.146038e-10
1.850946004851721e-001,2.616792e-10
1.855828817351721e-001,5.398685e-10
1.860711629851721e-001,1.043989e-09
1.865594442351721e-001,1.918745e-09
1.870477254851721e-001,3.365444e-09
1.875360067351721e-001,5.632683e-09
1.880242879851721e-001,8.978464e-09
1.885125692351721e-001,1.359523e-08
1.890008504851721e-001,1.950341e-08
1.894891317351721e-001,2.644182e-08
1.899774129851721e-001,3.38052e-08
1.904656942351721e-001,4.068274e-08
1.909539754851721e-001,4.60236e-08
1.914422567351721e-001,4.889897e-08
1.919305379851721e-001,4.877232e-08
1.924188192351721e-001,4.566783e-08
1.929071004851721e-001,4.016264e-08
1.933953817351721e-001,3.320634e-08
1.938836629851721e-001,2.584721e-08
1.943719442351721e-001,1.897546e-08
1.948602254851721e-001,1.316788e-08
1.953485067351721e-001,8.659164e-09
1.958367879851721e-001,5.410448e-09
1.963250692351721e-001,3.220268e-09
1.968133504851721e-001,1.829139e-09
1.973016317351721e-001,9.914103e-10
1.977899129851721e-001,5.103803e-10
1.982781942351721e-001,2.45821e-10
1.987664754851721e-001,1.064719e-10
1.992547567351721e-001,3.756823e-11
1.997430379851721e-001,9.289074e-12
2.002313192351721e-001,8.622409e-12
2.007196004851721e-001,3.525657e-11
2.012078817351721e-001,1.014777e-10
2.016961629851721e-001,2.360702e-10
2.021844442351721e-001,4.922509e-10
2.026727254851721e-001,9.590859e-10
2.031610067351721e-001,1.774029e-09
2.036492879851721e-001,3.130902e-09
2.041375692351721e-001,5.273438e-09
2.046258504851721e-001,8.46188e-09
2.051141317351721e-001,1.290306e-08
2.056024129851721e-001,1.864703e-08
2.060906942351721e-001,2.547539e-08
2.065789754851721e-001,3.282921e-08
2.070672567351721e-001,3.983157e-08
2.075555379851721e-001,4.543659e-08
2.080438192351721e-001,4.868263e-08
2.085321004851721e-001,4.896785e-08
2.090203817351721e-001,4.623794e-08
2.095086629851721e-001,4.10035e-08
2.099969442351721e-001,3.417935e-08
2.104852254851721e-001,2.681691e-08
2.109735067351721e-001,1.983919e-08
2.114617879851721e-001,1.386908e-08
2.119500692351721e-001,9.184515e-09
2.124383504851721e-001,5.777062e-09
2.129266317351721e-001,3.46037e-09
2.134149129851721e-001,1.977702e-09
2.139031942351721e-001,1.07879e-09
2.143914754851721e-001,5.594989e-10
2.148797567351721e-001,2.722969e-10
2.153680379851721e-001,1.200846e-10
2.158563192351721e-001,4.395558e-11
2.163446004851721e-001,1.131905e-11
2.168328817351721e-001,7.247642e-12
2.173211629851721e-001,2.982896e-11
2.178094442351721e-001,8.953231e-11
2.182977254851721e-001,2.125708e-10
2.187860067351721e-001,4.483071e-10
2.192742879851721e-001,8.80287e-10
2.197625692351721e-001,1.63887e-09
2.202508504851721e-001,2.910295e-09
2.207391317351721e-001,4.932857e-09
2.212274129851721e-001,7.967794e-09
2.217156942351721e-001,1.223444e-08
2.222039754851721e-001,1.781044e-08
2.226922567351721e-001,2.451879e-08
2.231805379851721e-001,3.184723e-08
2.236688192351721e-001,3.895544e-08
2.241571004851721e-001,4.480711e-08
2.246453817351721e-001,4.841282e-08
2.251336629851721e-001,4.910892e-08
2.256219442351721e-001,4.676291e-08
2.261102254851721e-001,4.181589e-08
2.265985067351721e-001,3.5143e-08
2.270867879851721e-001,2.779392e-08
2.275750692351721e-001,2.072136e-08
2.280633504851721e-001,1.459355e-08
2.285516317351721e-001,9.73283e-09
2.290399129851721e-001,6.163164e-09
2.295281942351721e-001,3.715283e-09
2.300164754851721e-001,2.136569e-09
2.305047567351721e-001,1.172832e-09
2.309930379851721e-001,6.126691e-10
2.314813192351721e-001,3.011173e-10
2.319696004851721e-001,1.350123e-10
2.324578817351721e-001,5.109123e-11
2.329461629851721e-001,1.383868e-11
2.339227254851721e-001,2.503917e-11
2.344110067351721e-001,7.867993e-11
2.348992879851721e-001,1.910257e-10
2.353875692351721e-001,4.077834e-10
2.358758504851721e-001,8.072106e-10
2.363641317351721e-001,1.512747e-09
2.368524129851721e-001,2.703001e-09
2.373406942351721e-001,4.610328e-09
2.378289754851721e-001,7.495807e-09
2.383172567351721e-001,1.158948e-08
2.388055379851721e-001,1.699449e-08
2.392938192351721e-001,2.357373e-08
2.397821004851721e-001,3.086165e-08
2.402703817351721e-001,3.805691e-08
2.407586629851721e-001,4.413721e-08
2.412469442351721e-001,4.809048e-08
2.417352254851721e-001,4.919504e-08
2.422235067351721e-001,4.724099e-08
2.427117879851721e-001,4.259735e-08
2.432000692351721e-001,3.609479e-08
2.436883504851721e-001,2.877628e-08
2.441766317351721e-001,2.162085e-08
2.446649129851721e-001,1.5341e-08
2.451531942351721e-001,1.030438e-08
2.456414754851721e-001,6.569323e-09
2.461297567351721e-001,3.985641e-09
2.466180379851721e-001,2.306302e-09
2.471063192351721e-001,1.273964e-09
2.475946004851721e-001,6.701824e-10
2.480828817351721e-001,3.324654e-10
2.485711629851721e-001,1.513613e-10
2.490594442351721e-001,5.903027e-11
2.495477254851721e-001,1.686836e-11
2.505242879851721e-001,2.084925e-11
2.510125692351721e-001,6.884004e-11
2.515008504851721e-001,1.712898e-10
2.519891317351721e-001,3.704411e-10
2.524774129851721e-001,7.394938e-10
2.529656942351721e-001,1.395158e-09
2.534539754851721e-001,2.508407e-09
2.539422567351721e-001,4.305225e-09
2.544305379851721e-001,7.045479e-09
2.549188192351721e-001,1.096818e-08
2.554071004851721e-001,1.61999e-08
2.558953817351721e-001,2.264177e-08
2.563836629851721e-001,2.987476e-08
2.568719442351721e-001,3.713856e-08
2.573602254851721e-001,4.342906e-08
2.578485067351721e-001,4.771672e-08
2.583367879851721e-001,4.922591e-08
2.588250692351721e-001,4.767055e-08
2.593133504851721e-001,4.334545e-08
2.598016317351721e-001,3.703218e-08
2.602899129851721e-001,2.976195e-08
2.607781942351721e-001,2.253642e-08
2.612664754851721e-001,1.611101e-08
2.617547567351721e-001,1.089937e-08
2.622430379851721e-001,6.996086e-09
2.627313192351721e-001,4.272084e-09
2.632196004851721e-001,2.487474e-09
2.637078817351721e-001,1.38263e-09
2.641961629851721e-001,7.323471e-10
2.646844442351721e-001,3.665371e-10
2.651727254851721e-001,1.692465e-10
2.656610067351721e-001,6.783349e-11
2.661492879851721e-001,2.04325e-11
2.671258504851721e-001,1.722579e-11
2.676141317351721e-001,5.993883e-11
2.681024129851721e-001,1.532286e-10
2.685906942351721e-001,3.360557e-10
2.690789754851721e-001,6.767916e-10
2.695672567351721e-001,1.28562e-09
2.700555379851721e-001,2.325909e-09
2.705438192351721e-001,4.016917e-09
2.710321004851721e-001,6.616331e-09
2.715203817351721e-001,1.037049e-08
2.720086629851721e-001,1.542732e-08
2.724969442351721e-001,2.172439e-08
2.729852254851721e-001,2.88888e-08
2.734735067351721e-001,3.620295e-08
2.739617879851721e-001,4.268493e-08
2.744500692351721e-001,4.729283e-08
2.749383504851721e-001,4.92014e-08
2.754266317351721e-001,4.805013e-08
2.759149129851721e-001,4.405783e-08
2.764031942351721e-001,3.795262e-08
2.768914754851721e-001,3.07488e-08
2.773797567351721e-001,2.346675e-08
2.778680379851721e-001,1.690308e-08
2.783563192351721e-001,1.151795e-08
2.788446004851721e-001,7.44397e-09
2.793328817351721e-001,4.575249e-09
2.798211629851721e-001,2.680673e-09
2.803094442351721e-001,1.499292e-09
2.807977254851721e-001,7.994885e-10
2.812860067351721e-001,4.035415e-10
2.817742879851721e-001,1.88792e-10
2.822625692351721e-001,7.756764e-11
2.827508504851721e-001,2.455968e-11
2.837274129851721e-001,1.413972e-11
2.842156942351721e-001,5.190887e-11
2.847039754851721e-001,1.36717e-10
2.851922567351721e-001,3.044166e-10
2.856805379851721e-001,6.187765e-10
2.861688192351721e-001,1.183668e-09
2.866571004851721e-001,2.154917e-09
2.871453817351721e-001,3.744768e-09
2.876336629851721e-001,6.207851e-09
2.881219442351721e-001,9.796266e-09
2.886102254851721e-001,1.467724e-08
2.890985067351721e-001,2.082297e-08
2.895867879851721e-001,2.790592e-08
2.900750692351721e-001,3.525265e-08
2.905633504851721e-001,4.190716e-08
2.910516317351721e-001,4.682024e-08
2.915399129851721e-001,4.912162e-08
2.920281942351721e-001,4.837844e-08
2.925164754851721e-001,4.473222e-08
2.930047567351721e-001,3.885352e-08
2.934930379851721e-001,3.173462e-08
2.939813192351721e-001,2.441036e-08
2.944696004851721e-001,1.771659e-08
2.949578817351721e-001,1.216019e-08
2.954461629851721e-001,7.913459e-09
2.959344442351721e-001,4.895767e-09
2.964227254851721e-001,2.886502e-09
2.969110067351721e-001,1.624432e-09
2.973992879851721e-001,8.719496e-10
2.978875692351721e-001,4.437014e-10
2.983758504851721e-001,2.101313e-10
2.988641317351721e-001,8.830579e-11
2.993524129851721e-001,2.928284e-11
2.998406942351721e-001,7.127216e-12
3.003289754851721e-001,1.156619e-11
3.008172567351721e-001,4.468875e-11
3.013055379851721e-001,1.21639e-10
3.017938192351721e-001,2.753266e-10
3.022821004851721e-001,5.651384e-10
3.027703817351721e-001,1.088853e-09
3.032586629851721e-001,1.994854e-09
3.037469442351721e-001,3.488138e-09
3.042352254851721e-001,5.819493e-09
3.047235067351721e-001,9.245302e-09
3.052117879851721e-001,1.39501e-08
3.057000692351721e-001,1.993872e-08
3.061883504851721e-001,2.692816e-08
3.066766317351721e-001,3.42902e-08
3.071649129851721e-001,4.109817e-08
3.076531942351721e-001,4.630056e-08
3.081414754851721e-001,4.898684e-08
3.086297567351721e-001,4.865433e-08
3.091180379851721e-001,4.536644e-08
3.096063192351721e-001,3.973233e-08
3.100946004851721e-001,3.271709e-08
3.105828817351721e-001,2.536568e-08
3.110711629851721e-001,1.855083e-08
3.115594442351721e-001,1.282609e-08
3.120477254851721e-001,8.404998e-09
3.125360067351721e-001,5.234265e-09
3.130242879851721e-001,3.105573e-09
3.135125692351721e-001,1.758551e-09
3.140008504851721e-001,9.500913e-10
3.144891317351721e-001,4.872538e-10
3.149774129851721e-001,2.334082e-10
3.154656942351721e-001,1.001277e-10
3.159539754851721e-001,3.463942e-11
3.164422567351721e-001,8.45241e-12
3.169305379851721e-001,9.484365e-12
3.174188192351721e-001,3.822273e-11
3.179071004851721e-001,1.078874e-10
3.183953817351721e-001,2.486008e-10
3.188836629851721e-001,5.15584e-10
3.193719442351721e-001,1.00075e-09
3.198602254851721e-001,1.84516e-09
3.203485067351721e-001,3.246392e-09
3.208367879851721e-001,5.45069e-09
3.213250692351721e-001,8.717337e-09
3.218133504851721e-001,1.324621e-08
3.223016317351721e-001,1.90728e-08
3.227899129851721e-001,2.595749e-08
3.232781942351721e-001,3.33181e-08
3.237664754851721e-001,4.026043e-08
3.242547567351721e-001,4.573553e-08
3.247430379851721e-001,4.879753e-08
3.252313192351721e-001,4.887685e-08
3.257196004851721e-001,4.595841e-08
3.262078817351721e-001,4.058647e-08
3.266961629851721e-001,3.369386e-08
3.271844442351721e-001,2.633103e-08
3.276727254851721e-001,1.940496e-08
3.281610067351721e-001,1.351555e-08
3.286492879851721e-001,8.918988e-09
3.291375692351721e-001,5.591356e-09
3.296258504851721e-001,3.338508e-09
3.301141317351721e-001,1.902166e-09
3.306024129851721e-001,1.034293e-09
3.310906942351721e-001,5.344508e-10
3.315789754851721e-001,2.587769e-10
3.320672567351721e-001,1.131202e-10
3.325555379851721e-001,4.06716e-11
3.330438192351721e-001,1.024397e-11
3.335321004851721e-001,7.87734e-12
3.340203817351721e-001,3.246048e-11
3.345086629851721e-001,9.536309e-11
3.349969442351721e-001,2.240668e-10
3.354852254851721e-001,4.69836e-10
3.359735067351721e-001,9.189478e-10
3.364617879851721e-001,1.705288e-09
3.369500692351721e-001,3.018895e-09
3.374383504851721e-001,5.100853e-09
3.379266317351721e-001,8.212048e-09
3.384149129851721e-001,1.25658e-08
3.389031942351721e-001,1.82262e-08
3.393914754851721e-001,2.499576e-08
3.398797567351721e-001,3.233881e-08
3.403680379851721e-001,3.939646e-08
3.408563192351721e-001,4.512704e-08
3.413446004851721e-001,4.855436e-08
3.418328817351721e-001,4.904523e-08
3.423211629851721e-001,4.650618e-08
3.428094442351721e-001,4.141341e-08
3.432977254851721e-001,3.466251e-08
3.437860067351721e-001,2.730462e-08
3.442742879851721e-001,2.027804e-08
3.447625692351721e-001,1.422842e-08
3.452508504851721e-001,9.455784e-09
3.457391317351721e-001,5.967641e-09
3.462274129851721e-001,3.585936e-09
3.467156942351721e-001,2.055813e-09
3.472039754851721e-001,1.124952e-09
3.476922567351721e-001,5.855597e-10
3.481805379851721e-001,2.864029e-10
3.486688192351721e-001,1.273776e-10
3.491571004851721e-001,4.742656e-11
3.496453817351721e-001,1.251647e-11
3.506219442351721e-001,2.735681e-11
3.511102254851721e-001,8.397469e-11
3.515985067351721e-001,2.015633e-10
3.520867879851721e-001,4.27633e-10
3.525750692351721e-001,8.430566e-10
3.530633504851721e-001,1.574711e-09
3.535516317351721e-001,2.805023e-09
3.540399129851721e-001,4.769375e-09
3.545281942351721e-001,7.729064e-09
3.550164754851721e-001,1.1909e-08
3.555047567351721e-001,1.739983e-08
3.559930379851721e-001,2.404472e-08
3.564813192351721e-001,3.135474e-08
3.569696004851721e-001,3.850882e-08
3.574578817351721e-001,4.447708e-08
3.579461629851721e-001,4.825815e-08
3.584344442351721e-001,4.915887e-08
3.589227254851721e-001,4.700792e-08
3.594110067351721e-001,4.221064e-08
3.598992879851721e-001,3.562054e-08
3.603875692351721e-001,2.828456e-08
3.608758504851721e-001,2.116901e-08
3.613641317351721e-001,1.496443e-08
3.618524129851721e-001,1.001568e-08
3.623406942351721e-001,6.363701e-09
3.628289754851721e-001,3.848491e-09
3.633172567351721e-001,2.220042e-09
3.638055379851721e-001,1.222485e-09
3.642938192351721e-001,6.40864e-10
3.647821004851721e-001,3.164634e-10
3.652703817351721e-001,1.430021e-10
3.657586629851721e-001,5.495666e-11
3.662469442351721e-001,1.528833e-11
3.672235067351721e-001,2.287142e-11
3.677117879851721e-001,7.363819e-11
3.682000692351721e-001,1.809402e-10
3.686883504851721e-001,3.887289e-10
3.691766317351721e-001,7.727042e-10
3.696649129851721e-001,1.452917e-09
3.701531942351721e-001,2.604155e-09
3.706414754851721e-001,4.455637e-09
3.711297567351721e-001,7.267964e-09
3.716180379851721e-001,1.127588e-08
3.721063192351721e-001,1.659448e-08
3.725946004851721e-001,2.310601e-08
3.730828817351721e-001,3.036822e-08
3.735711629851721e-001,3.760005e-08
3.740594442351721e-001,4.378778e-08
3.745477254851721e-001,4.790996e-08
3.750360067351721e-001,4.921739e-08
3.755242879851721e-001,4.746193e-08
3.760125692351721e-001,4.297572e-08
3.765008504851721e-001,3.656545e-08
3.769891317351721e-001,2.926883e-08
3.774774129851721e-001,2.20767e-08
3.779656942351721e-001,1.572321e-08
3.784539754851721e-001,1.059893e-08
3.789422567351721e-001,6.780096e-09
3.794305379851721e-001,4.126813e-09
3.799188192351721e-001,2.395421e-09
3.804071004851721e-001,1.327327e-09
3.808953817351721e-001,7.006634e-10
3.813836629851721e-001,3.49148e-10
3.818719442351721e-001,1.601043e-10
3.823602254851721e-001,6.331983e-11
3.828485067351721e-001,1.858193e-11
3.838250692351721e-001,1.896863e-11
3.843133504851721e-001,6.427645e-11
3.848016317351721e-001,1.620579e-10
3.852899129851721e-001,3.528922e-10
3.857781942351721e-001,7.075368e-10
3.862664754851721e-001,1.339413e-09
3.867547567351721e-001,2.415683e-09
3.872430379851721e-001,4.159011e-09
3.877313192351721e-001,6.828289e-09
3.882196004851721e-001,1.066639e-08
3.887078817351721e-001,1.581083e-08
3.891961629851721e-001,2.218117e-08
3.896844442351721e-001,2.938153e-08
3.901727254851721e-001,3.667275e-08
3.906610067351721e-001,4.306135e-08
3.911492879851721e-001,4.751096e-08
3.916375692351721e-001,4.922057e-08
3.921258504851721e-001,4.786668e-08
3.926141317351721e-001,4.370625e-08
3.931024129851721e-001,3.749468e-08
3.935906942351721e-001,3.025537e-08
3.940789754851721e-001,2.299983e-08
3.945672567351721e-001,1.650433e-08
3.950555379851721e-001,1.12057e-08
3.955438192351721e-001,7.217357e-09
3.960321004851721e-001,4.421537e-09
3.965203817351721e-001,2.582532e-09
3.970086629851721e-001,1.439931e-09
3.974969442351721e-001,7.652746e-10
3.979852254851721e-001,3.846591e-10
3.984735067351721e-001,1.788036e-10
3.989617879851721e-001,7.257978e-11
3.994500692351721e-001,2.242375e-11
4.004266317351721e-001,1.561723e-11
4.009149129851721e-001,5.581892e-11
4.014031942351721e-001,1.447866e-10
4.018914754851721e-001,3.199055e-10
4.023797567351721e-001,6.472179e-10
4.028680379851721e-001,1.233724e-09
4.033563192351721e-001,2.239011e-09
4.038446004851721e-001,3.878863e-09
4.043328817351721e-001,6.409541e-09
4.048211629851721e-001,1.008046e-08
4.053094442351721e-001,1.504944e-08
4.057977254851721e-001,2.127161e-08
4.062860067351721e-001,2.839685e-08
4.067742879851721e-001,3.572948e-08
4.072625692351721e-001,4.23001e-08
4.077508504851721e-001,4.706252e-08
4.082391317351721e-001,4.916841e-08
4.087274129851721e-001,4.822077e-08
4.092156942351721e-001,4.439991e-08
4.097039754851721e-001,3.840567e-08
4.101922567351721e-001,3.124198e-08
4.106805379851721e-001,2.393699e-08
4.111688192351721e-001,1.73072e-08
4.116571004851721e-001,1.183611e-08
4.121453817351721e-001,7.675986e-09
4.126336629851721e-001,4.7333e-09
4.131219442351721e-001,2.781971e-09
4.136102254851721e-001,1.560771e-09
4.140985067351721e-001,8.350319e-10
4.145867879851721e-001,4.232125e-10
4.150750692351721e-001,1.992287e-10
4.155633504851721e-001,8.280639e-11
4.160516317351721e-001,2.684453e-11
4.170281942351721e-001,1.279028e-11
4.175164754851721e-001,4.82012e-11
4.180047567351721e-001,1.290057e-10
4.184930379851721e-001,2.895648e-10
4.189813192351721e-001,5.914291e-10
4.194696004851721e-001,1.135395e-09
4.199578817351721e-001,2.073555e-09
4.204461629851721e-001,3.614552e-09
4.209344442351721e-001,6.011191e-09
4.214227254851721e-001,9.517891e-09
4.219110067351721e-001,1.431078e-08
4.223992879851721e-001,2.037862e-08
4.228875692351721e-001,2.741627e-08
4.233758504851721e-001,3.477279e-08
4.238641317351721e-001,4.150642e-08
4.243524129851721e-001,4.656618e-08
4.248406942351721e-001,4.906108e-08
4.253289754851721e-001,4.8523e-08
4.258172567351721e-001,4.505448e-08
4.263055379851721e-001,3.929585e-08
4.267938192351721e-001,3.222642e-08
4.272821004851721e-001,2.488666e-08
4.277703817351721e-001,1.813117e-08
4.282586629851721e-001,1.249018e-08
4.287469442351721e-001,8.156446e-09
4.292352254851721e-001,5.06273e-09
4.297235067351721e-001,2.994344e-09
4.302117879851721e-001,1.690337e-09
4.307000692351721e-001,9.102871e-10
4.311883504851721e-001,4.650381e-10
4.316766317351721e-001,2.215182e-10
4.321649129851721e-001,9.407602e-11
4.326531942351721e-001,3.187943e-11
4.331414754851721e-001,7.732279e-12
4.336297567351721e-001,1.046496e-11
4.341180379851721e-001,4.136474e-11
4.346063192351721e-001,1.146038e-10
4.350946004851721e-001,2.616792e-10
4.355828817351721e-001,5.398685e-10
4.360711629851721e-001,1.043989e-09
4.365594442351721e-001,1.918745e-09
4.370477254851721e-001,3.365444e-09
4.375360067351721e-001,5.632683e-09
4.380242879851721e-001,8.978464e-09
4.385125692351721e-001,1.359523e-08
4.390008504851721e-001,1.950341e-08
4.394891317351721e-001,2.644182e-08
4.399774129851721e-001,3.38052e-08
4.404656942351721e-001,4.068274e-08
4.409539754851721e-001,4.60236e-08
4.414422567351721e-001,4.889897e-08
4.419305379851721e-001,4.877232e-08
4.424188192351721e-001,4.566783e-08
4.429071004851721e-001,4.016264e-08
4.433953817351721e-001,3.320634e-08
4.438836629851721e-001,2.584721e-08
4.443719442351721e-001,1.897546e-08
4.448602254851721e-001,1.316788e-08
4.453485067351721e-001,8.659164e-09
4.458367879851721e-001,5.410448e-09
4.463250692351721e-001,3.220268e-09
4.468133504851721e-001,1.829139e-09
4.473016317351721e-001,9.914103e-10
4.477899129851721e-001,5.103803e-10
4.482781942351721e-001,2.45821e-10
4.487664754851721e-001,1.064719e-10
4.492547567351721e-001,3.756823e-11
4.497430379851721e-001,9.289074e-12
4.502313192351721e-001,8.622409e-12
4.507196004851721e-001,3.525657e-11
4.512078817351721e-001,1.014777e-10
4.516961629851721e-001,2.360702e-10
4.521844442351721e-001,4.922509e-10
4.526727254851721e-001,9.590859e-10
4.531610067351721e-001,1.774029e-09
4.536492879851721e-001,3.130902e-09
4.541375692351721e-001,5.273438e-09
4.546258504851721e-001,8.46188e-09
4.551141317351721e-001,1.290306e-08
4.556024129851721e-001,1.864703e-08
4.560906942351721e-001,2.547539e-08
4.565789754851721e-001,3.282921e-08
4.570672567351721e-001,3.983157e-08
4.575555379851721e-001,4.543659e-08
4.580438192351721e-001,4.868263e-08
4.585321004851721e-001,4.896785e-08
4.590203817351721e-001,4.623794e-08
4.595086629851721e-001,4.10035e-08
4.599969442351721e-001,3.417935e-08
4.604852254851721e-001,2.681691e-08
4.609735067351721e-001,1.983919e-08
4.614617879851721e-001,1.386908e-08
4.619500692351721e-001,9.184515e-09
4.624383504851721e-001,5.777062e-09
4.629266317351721e-001,3.46037e-09
4.634149129851721e-001,1.977702e-09
4.639031942351721e-001,1.07879e-09
4.643914754851721e-001,5.594989e-10
4.648797567351721e-001,2.722969e-10
4.653680379851721e-001,1.200846e-10
4.658563192351721e-001,4.395558e-11
4.663446004851721e-001,1.131905e-11
4.668328817351721e-001,7.247642e-12
4.673211629851721e-001,2.982896e-11
4.678094442351721e-001,8.953231e-11
4.682977254851721e-001,2.125708e-10
4.687860067351721e-001,4.483071e-10
4.692742879851721e-001,8.80287e-10
4.697625692351721e-001,1.63887e-09
4.702508504851721e-001,2.910295e-09
4.707391317351721e-001,4.932857e-09
4.712274129851721e-001,7.967794e-09
4.717156942351721e-001,1.223444e-08
4.722039754851721e-001,1.781044e-08
4.726922567351721e-001,2.451879e-08
4.731805379851721e-001,3.184723e-08
4.736688192351721e-001,3.895544e-08
4.741571004851721e-001,4.480711e-08
4.746453817351721e-001,4.841282e-08
4.751336629851721e-001,4.910892e-08
4.756219442351721e-001,4.676291e-08
4.761102254851721e-001,4.181589e-08
4.765985067351721e-001,3.5143e-08
4.770867879851721e-001,2.779392e-08
4.775750692351721e-001,2.072136e-08
4.780633504851721e-001,1.459355e-08
4.785516317351721e-001,9.73283e-09
4.790399129851721e-001,6.163164e-09
4.795281942351721e-001,3.715283e-09
4.800164754851721e-001,2.136569e-09
4.805047567351721e-001,1.172832e-09
4.809930379851721e-001,6.126691e-10
4.814813192351721e-001,3.011173e-10
4.819696004851721e-001,1.350123e-10
4.824578817351721e-001,5.109123e-11
4.829461629851721e-001,1.383868e-11
4.839227254851721e-001,2.503917e-11
4.844110067351721e-001,7.867993e-11
4.848992879851721e-001,1.910257e-10
4.853875692351721e-001,4.077834e-10
4.858758504851721e-001,8.072106e-10
4.863641317351721e-001,1.512747e-09
4.868524129851721e-001,2.703001e-09
4.873406942351721e-001,4.610328e-09
4.878289754851721e-001,7.495807e-09
4.883172567351721e-001,1.158948e-08
4.888055379851721e-001,1.699449e-08
4.892938192351721e-001,2.357373e-08
4.897821004851721e-001,3.086165e-08
4.902703817351721e-001,3.805691e-08
4.907586629851721e-001,4.413721e-08
4.912469442351721e-001,4.809048e-08
4.917352254851721e-001,4.919504e-08
4.922235067351721e-001,4.724099e-08
4.927117879851721e-001,4.259735e-08
4.932000692351721e-001,3.609479e-08
4.936883504851721e-001,2.877628e-08
4.941766317351721e-001,2.162085e-08
4.946649129851721e-001,1.5341e-08
4.951531942351721e-001,1.030438e-08
4.956414754851721e-001,6.569323e-09
4.961297567351721e-001,3.985641e-09
4.966180379851721e-001,2.306302e-09
4.971063192351721e-001,1.273964e-09
4.975946004851721e-001,6.701824e-10
4.980828817351721e-001,3.324654e-10
4.985711629851721e-001,1.513613e-10
4.990594442351721e-001,5.903027e-11
4.995477254851721e-001,1.639721e-11
5.000000000000000e-001,-5.731325e-16
