0.000000000000000e+000,0.0
5.242879851721227e-004,5.868102e-11
1.012569235172123e-003,2.954574e-10
1.500850485172123e-003,9.940126e-10
1.989131735172123e-003,3.041935e-09
2.477412985172123e-003,8.746182e-09
2.965694235172123e-003,2.37325e-08
3.453975485172123e-003,6.054633e-08
3.942256735172123e-003,1.443684e-07
4.430537985172123e-003,3.197461e-07
4.918819235172123e-003,6.551072e-07
5.407100485172123e-003,1.233277e-06
5.895381735172123e-003,2.12084e-06
6.383662985172123e-003,3.320721e-06
6.871944235172123e-003,4.720994e-06
7.360225485172123e-003,6.07917e-06
7.848506735172123e-003,7.077937e-06
8.336787985172123e-003,7.443345e-06
8.825069235172123e-003,7.067722e-06
9.313350485172123e-003,6.061697e-06
9.801631735172123e-003,4.70077e-06
1.028991298517212e-002,3.30192e-06
1.077819423517212e-002,2.105998e-06
1.126647548517212e-002,1.222899e-06
1.175475673517212e-002,6.48473e-07
1.224303798517212e-002,3.159798e-07
1.273131923517212e-002,1.425118e-07
1.321960048517212e-002,5.970969e-08
1.370788173517212e-002,2.338472e-08
1.419616298517212e-002,8.611632e-09
1.468444423517212e-002,2.99305e-09
1.517272548517212e-002,9.771858e-10
1.566100673517212e-002,2.899489e-10
1.614928798517212e-002,6.963712e-11
1.712585048517212e-002,5.743844e-11
1.761413173517212e-002,2.483899e-10
1.810241298517212e-002,8.513087e-10
1.859069423517212e-002,2.630694e-09
1.907897548517212e-002,7.622591e-09
1.956725673517212e-002,2.084665e-08
2.005553798517212e-002,5.364043e-08
2.054381923517212e-002,1.291065e-07
2.103210048517212e-002,2.888724e-07
2.152038173517212e-002,5.98347e-07
2.200866298517212e-002,1.13952e-06
2.249694423517212e-002,1.98357e-06
2.298522548517212e-002,3.145317e-06
2.347350673517212e-002,4.530266e-06
2.396178798517212e-002,5.911765e-06
2.445006923517212e-002,6.976626e-06
2.493835048517212e-002,7.437304e-06
2.542663173517212e-002,7.158763e-06
2.591491298517212e-002,6.223373e-06
2.640319423517212e-002,4.890973e-06
2.689147548517212e-002,3.480711e-06
2.737975673517212e-002,2.248402e-06
2.786803798517212e-002,1.322372e-06
2.835631923517212e-002,7.105067e-07
2.884460048517212e-002,3.500478e-07
2.933288173517212e-002,1.591714e-07
2.982116298517212e-002,6.732426e-08
3.030944423517212e-002,2.659564e-08
3.079772548517212e-002,9.87187e-09
3.128600673517212e-002,3.457548e-09
3.177428798517212e-002,1.139357e-09
3.226256923517212e-002,3.438037e-10
3.275085048517212e-002,8.58803e-11
3.323913173517212e-002,1.848881e-11
3.372741298517212e-002,4.603526e-11
3.421569423517212e-002,2.079989e-10
3.470397548517212e-002,7.278443e-10
3.519225673517212e-002,2.272537e-09
3.568053798517212e-002,6.636601e-09
3.616881923517212e-002,1.829194e-08
3.665710048517212e-002,4.746586e-08
3.714538173517212e-002,1.153083e-07
3.763366298517212e-002,2.606138e-07
3.812194423517212e-002,5.456861e-07
3.861022548517212e-002,1.051225e-06
3.909850673517212e-002,1.852122e-06
3.958678798517212e-002,2.974087e-06
4.007506923517212e-002,4.339618e-06
4.056335048517212e-002,5.738696e-06
4.105163173517212e-002,6.864339e-06
4.153991298517212e-002,7.417783e-06
4.202819423517212e-002,7.237851e-06
4.251647548517212e-002,6.377905e-06
4.300475673517212e-002,5.079897e-06
4.349303798517212e-002,3.662866e-06
4.398131923517212e-002,2.396433e-06
4.446960048517212e-002,1.426877e-06
4.495788173517212e-002,7.757076e-07
4.544616298517212e-002,3.864257e-07
4.593444423517212e-002,1.775431e-07
4.642272548517212e-002,7.581775e-08
4.691100673517212e-002,3.021404e-08
4.739928798517212e-002,1.130495e-08
4.788756923517212e-002,3.989923e-09
4.837585048517212e-002,1.326492e-09
4.886413173517212e-002,4.06389e-10
4.935241298517212e-002,1.051912e-10
4.984069423517212e-002,2.141394e-11
5.032897548517212e-002,3.678974e-11
5.081725673517212e-002,1.733996e-10
5.130553798517212e-002,6.211175e-10
5.179381923517212e-002,1.960901e-09
5.228210048517212e-002,5.77229e-09
5.277038173517212e-002,1.603316e-08
5.325866298517212e-002,4.195285e-08
5.374694423517212e-002,1.028527e-07
5.423522548517212e-002,2.34793e-07
5.472350673517212e-002,4.969205e-07
5.521178798517212e-002,9.682498e-07
5.570006923517212e-002,1.726545e-06
5.618835048517212e-002,2.807393e-06
5.667663173517212e-002,4.149722e-06
5.716491298517212e-002,5.560761e-06
5.765319423517212e-002,6.741668e-06
5.814147548517212e-002,7.384889e-06
5.862975673517212e-002,7.304558e-06
5.911803798517212e-002,6.524534e-06
5.960631923517212e-002,5.266789e-06
6.009460048517212e-002,3.847895e-06
6.058288173517212e-002,2.549932e-06
6.107116298517212e-002,1.537164e-06
6.155944423517212e-002,8.455953e-07
6.204772548517212e-002,4.259696e-07
6.253600673517212e-002,1.977702e-07
6.302428798517212e-002,8.527788e-08
6.351256923517212e-002,3.428634e-08
6.400085048517212e-002,1.293273e-08
6.448913173517212e-002,4.599496e-09
6.497741298517212e-002,1.542248e-09
6.546569423517212e-002,4.790367e-10
6.595397548517212e-002,1.280066e-10
6.644225673517212e-002,2.592611e-11
6.693053798517212e-002,2.948844e-11
6.741881923517212e-002,1.438293e-10
6.790710048517212e-002,5.28941e-10
6.839538173517212e-002,1.689988e-09
6.888366298517212e-002,5.015443e-09
6.937194423517212e-002,1.403847e-08
6.986022548517212e-002,3.703728e-08
7.034850673517212e-002,9.162621e-08
7.083678798517212e-002,2.112396e-07
7.132506923517212e-002,4.510981e-07
7.181335048517212e-002,8.889366e-07
7.230163173517212e-002,1.606105e-06
7.278991298517212e-002,2.645551e-06
7.327819423517212e-002,3.961219e-06
7.376647548517212e-002,5.378754e-06
7.425475673517212e-002,6.609252e-06
7.474303798517212e-002,7.338806e-06
7.523131923517212e-002,7.358517e-06
7.571960048517212e-002,6.662528e-06
7.620788173517212e-002,5.450877e-06
7.669616298517212e-002,4.03526e-06
7.718444423517212e-002,2.708699e-06
7.767272548517212e-002,1.653294e-06
7.816100673517212e-002,9.203581e-07
7.864928798517212e-002,4.688777e-07
7.913756923517212e-002,2.20004e-07
7.962585048517212e-002,9.579911e-08
8.011413173517212e-002,3.886344e-08
8.060241298517212e-002,1.477952e-08
8.109069423517212e-002,5.296762e-09
8.157897548517212e-002,1.790784e-09
8.206725673517212e-002,5.632776e-10
8.255553798517212e-002,1.54839e-10
8.304381923517212e-002,3.213026e-11
8.353210048517212e-002,2.396216e-11
8.402038173517212e-002,1.186311e-10
8.450866298517212e-002,4.494048e-10
8.499694423517212e-002,1.454688e-09
8.548522548517212e-002,4.353383e-09
8.597350673517212e-002,1.227908e-08
8.646178798517212e-002,3.266032e-08
8.695006923517212e-002,8.152281e-08
8.743835048517212e-002,1.897903e-07
8.792663173517212e-002,4.095902e-07
8.841491298517212e-002,8.162618e-07
8.890319423517212e-002,1.49236e-06
8.939147548517212e-002,2.488832e-06
8.987975673517212e-002,3.774707e-06
9.036803798517212e-002,5.193469e-06
9.085631923517212e-002,6.467772e-06
9.134460048517212e-002,7.279787e-06
9.183288173517212e-002,7.399432e-06
9.232116298517212e-002,6.791184e-06
9.280944423517212e-002,5.631375e-06
9.329772548517212e-002,4.224386e-06
9.378600673517212e-002,2.872487e-06
9.427428798517212e-002,1.775304e-06
9.476256923517212e-002,1.000175e-06
9.525085048517212e-002,5.153516e-07
9.573913173517212e-002,2.444029e-07
9.622741298517212e-002,1.07483e-07
9.671569423517212e-002,4.400105e-08
9.720397548517212e-002,1.68723e-08
9.769225673517212e-002,6.093523e-09
9.818053798517212e-002,2.07683e-09
9.866881923517212e-002,6.608684e-10
9.915710048517212e-002,1.862873e-10
9.964538173517212e-002,4.017035e-11
1.001336629851721e-001,2.008247e-11
1.006219442351721e-001,9.724097e-11
1.011102254851721e-001,3.808429e-10
1.015985067351721e-001,1.250497e-09
1.020867879851721e-001,3.774828e-09
1.025750692351721e-001,1.072905e-08
1.030633504851721e-001,2.876814e-08
1.035516317351721e-001,7.244368e-08
1.040399129851721e-001,1.702891e-07
1.045281942351721e-001,3.713632e-07
1.050164754851721e-001,7.483757e-07
1.055047567351721e-001,1.384431e-06
1.059930379851721e-001,2.337465e-06
1.064813192351721e-001,3.590749e-06
1.069696004851721e-001,5.005685e-06
1.074578817351721e-001,6.317941e-06
1.079461629851721e-001,7.208156e-06
1.084344442351721e-001,7.427076e-06
1.089227254851721e-001,6.909839e-06
1.094110067351721e-001,5.807488e-06
1.098992879851721e-001,4.414656e-06
1.103875692351721e-001,3.041008e-06
1.108758504851721e-001,1.903197e-06
1.113641317351721e-001,1.085215e-06
1.118524129851721e-001,5.655947e-07
1.123406942351721e-001,2.71133e-07
1.128289754851721e-001,1.204383e-07
1.133172567351721e-001,4.975995e-08
1.138055379851721e-001,1.924099e-08
1.142938192351721e-001,7.003026e-09
1.147821004851721e-001,2.405753e-09
1.152703817351721e-001,7.738219e-10
1.157586629851721e-001,2.230476e-10
1.162469442351721e-001,5.023233e-11
1.172235067351721e-001,7.917685e-11
1.177117879851721e-001,3.218046e-10
1.182000692351721e-001,1.073456e-09
1.186883504851721e-001,3.269746e-09
1.191766317351721e-001,9.36506e-09
1.196649129851721e-001,2.531159e-08
1.201531942351721e-001,6.429693e-08
1.206414754851721e-001,1.525881e-07
1.211297567351721e-001,3.362208e-07
1.216180379851721e-001,6.85088e-07
1.221063192351721e-001,1.282246e-06
1.225946004851721e-001,2.191633e-06
1.230828817351721e-001,3.409862e-06
1.235711629851721e-001,4.816168e-06
1.240594442351721e-001,6.160503e-06
1.245477254851721e-001,7.124305e-06
1.250360067351721e-001,7.441296e-06
1.255242879851721e-001,7.017871e-06
1.260125692351721e-001,5.978422e-06
1.265008504851721e-001,4.605418e-06
1.269891317351721e-001,3.213927e-06
1.274774129851721e-001,2.036946e-06
1.279656942351721e-001,1.175631e-06
1.284539754851721e-001,6.198111e-07
1.289422567351721e-001,3.003675e-07
1.294305379851721e-001,1.347814e-07
1.299188192351721e-001,5.620639e-08
1.304071004851721e-001,2.191871e-08
1.308953817351721e-001,8.04012e-09
1.313836629851721e-001,2.783633e-09
1.318719442351721e-001,9.04442e-10
1.323602254851721e-001,2.659276e-10
1.328485067351721e-001,6.2548e-11
1.338250692351721e-001,6.402903e-11
1.343133504851721e-001,2.710282e-10
1.348016317351721e-001,9.200858e-10
1.352899129851721e-001,2.829236e-09
1.357781942351721e-001,8.16612e-09
1.362664754851721e-001,2.224585e-08
1.367547567351721e-001,5.699738e-08
1.372430379851721e-001,1.365466e-07
1.377313192351721e-001,3.03971e-07
1.382196004851721e-001,6.26202e-07
1.387078817351721e-001,1.185707e-06
1.391961629851721e-001,2.051482e-06
1.396844442351721e-001,3.232522e-06
1.401727254851721e-001,4.625664e-06
1.406610067351721e-001,5.996225e-06
1.411492879851721e-001,7.028689e-06
1.416375692351721e-001,7.442013e-06
1.421258504851721e-001,7.114707e-06
1.426141317351721e-001,6.143379e-06
1.431024129851721e-001,4.795985e-06
1.435906942351721e-001,3.390866e-06
1.440789754851721e-001,2.176488e-06
1.445672567351721e-001,1.271562e-06
1.450555379851721e-001,6.782045e-07
1.455438192351721e-001,3.322861e-07
1.460321004851721e-001,1.506363e-07
1.465203817351721e-001,6.341233e-08
1.470086629851721e-001,2.494198e-08
1.474969442351721e-001,9.221422e-09
1.479852254851721e-001,3.217354e-09
1.484735067351721e-001,1.055362e-09
1.489617879851721e-001,3.158611e-10
1.494500692351721e-001,7.739982e-11
1.504266317351721e-001,5.145196e-11
1.509149129851721e-001,2.274183e-10
1.514031942351721e-001,7.873358e-10
1.518914754851721e-001,2.445409e-09
1.523797567351721e-001,7.113433e-09
1.528680379851721e-001,1.953019e-08
1.533563192351721e-001,5.046623e-08
1.538446004851721e-001,1.220322e-07
1.543328817351721e-001,2.744274e-07
1.548211629851721e-001,5.715168e-07
1.553094442351721e-001,1.094698e-06
1.557977254851721e-001,1.917115e-06
1.562860067351721e-001,3.059157e-06
1.567742879851721e-001,4.434889e-06
1.572625692351721e-001,5.825889e-06
1.577508504851721e-001,6.921819e-06
1.582391317351721e-001,7.429224e-06
1.587274129851721e-001,7.19983e-06
1.592156942351721e-001,6.30158e-06
1.597039754851721e-001,4.985641e-06
1.601922567351721e-001,3.571398e-06
1.606805379851721e-001,2.321723e-06
1.611688192351721e-001,1.373907e-06
1.616571004851721e-001,7.425334e-07
1.621453817351721e-001,3.678533e-07
1.626336629851721e-001,1.681344e-07
1.631219442351721e-001,7.145582e-08
1.636102254851721e-001,2.835111e-08
1.640985067351721e-001,1.05655e-08
1.645867879851721e-001,3.714695e-09
1.650750692351721e-001,1.229587e-09
1.655633504851721e-001,3.739261e-10
1.660516317351721e-001,9.512666e-11
1.665399129851721e-001,1.975809e-11
1.670281942351721e-001,4.115722e-11
1.675164754851721e-001,1.900256e-10
1.680047567351721e-001,6.725323e-10
1.684930379851721e-001,2.111283e-09
1.689813192351721e-001,6.190162e-09
1.694696004851721e-001,1.712763e-08
1.699578817351721e-001,4.46308e-08
1.704461629851721e-001,1.089199e-07
1.709344442351721e-001,2.474095e-07
1.714227254851721e-001,5.208291e-07
1.719110067351721e-001,1.009082e-06
1.723992879851721e-001,1.788598e-06
1.728875692351721e-001,2.890152e-06
1.733758504851721e-001,4.244535e-06
1.738641317351721e-001,5.650287e-06
1.743524129851721e-001,6.804262e-06
1.748406942351721e-001,7.402998e-06
1.753289754851721e-001,7.272777e-06
1.758172567351721e-001,6.452254e-06
1.763055379851721e-001,5.173645e-06
1.767938192351721e-001,3.755054e-06
1.772821004851721e-001,2.47251e-06
1.777703817351721e-001,1.481293e-06
1.782586629851721e-001,8.100537e-07
1.787469442351721e-001,4.057896e-07
1.792352254851721e-001,1.874155e-07
1.797235067351721e-001,8.042124e-08
1.802117879851721e-001,3.219038e-08
1.807000692351721e-001,1.209305e-08
1.811883504851721e-001,4.284433e-09
1.816766317351721e-001,1.430545e-09
1.821649129851721e-001,4.413643e-10
1.826531942351721e-001,1.161307e-10
1.831414754851721e-001,2.346597e-11
1.836297567351721e-001,3.290763e-11
1.841180379851721e-001,1.580292e-10
1.846063192351721e-001,5.733359e-10
1.850946004851721e-001,1.820689e-09
1.855828817351721e-001,5.38126e-09
1.860711629851721e-001,1.500467e-08
1.865594442351721e-001,3.942418e-08
1.870477254851721e-001,9.709261e-08
1.875360067351721e-001,2.227433e-07
1.880242879851721e-001,4.739346e-07
1.885125692351721e-001,9.287069e-07
1.890008504851721e-001,1.665964e-06
1.894891317351721e-001,2.725847e-06
1.899774129851721e-001,4.055258e-06
1.904656942351721e-001,5.470217e-06
1.909539754851721e-001,6.676637e-06
1.914422567351721e-001,7.363482e-06
1.919305379851721e-001,7.333151e-06
1.924188192351721e-001,6.594655e-06
1.929071004851721e-001,5.359233e-06
1.933953817351721e-001,3.94132e-06
1.938836629851721e-001,2.628671e-06
1.943719442351721e-001,1.594496e-06
1.948602254851721e-001,8.823559e-07
1.953485067351721e-001,4.469906e-07
1.958367879851721e-001,2.086265e-07
1.963250692351721e-001,9.039967e-08
1.968133504851721e-001,3.650843e-08
1.973016317351721e-001,1.382713e-08
1.977899129851721e-001,4.936462e-09
1.982781942351721e-001,1.662137e-09
1.987664754851721e-001,5.196039e-10
1.992547567351721e-001,1.408854e-10
1.997430379851721e-001,2.880863e-11
2.002313192351721e-001,2.651237e-11
2.007196004851721e-001,1.30721e-10
2.012078817351721e-001,4.877023e-10
2.016961629851721e-001,1.568181e-09
2.021844442351721e-001,4.673301e-09
2.026727254851721e-001,1.313104e-08
2.031610067351721e-001,3.478495e-08
2.036492879851721e-001,8.644047e-08
2.041375692351721e-001,2.002618e-07
2.046258504851721e-001,4.299216e-07
2.051141317351721e-001,8.51989e-07
2.056024129851721e-001,1.548502e-06
2.060906942351721e-001,2.566536e-06
2.065789754851721e-001,3.867678e-06
2.070672567351721e-001,5.286473e-06
2.075555379851721e-001,6.539601e-06
2.080438192351721e-001,7.310894e-06
2.085321004851721e-001,7.38062e-06
2.090203817351721e-001,6.728065e-06
2.095086629851721e-001,5.541624e-06
2.099969442351721e-001,4.12964e-06
2.104852254851721e-001,2.789982e-06
2.109735067351721e-001,1.713563e-06
2.114617879851721e-001,9.596241e-07
2.119500692351721e-001,4.916563e-07
2.124383504851721e-001,2.319225e-07
2.129266317351721e-001,1.014891e-07
2.134149129851721e-001,4.135851e-08
2.139031942351721e-001,1.579336e-08
2.143914754851721e-001,5.681914e-09
2.148797567351721e-001,1.928799e-09
2.153680379851721e-001,6.102849e-10
2.158563192351721e-001,1.699451e-10
2.163446004851721e-001,3.591022e-11
2.168328817351721e-001,2.182301e-11
2.173211629851721e-001,1.07492e-10
2.178094442351721e-001,4.138475e-10
2.182977254851721e-001,1.348963e-09
2.187860067351721e-001,4.054323e-09
2.192742879851721e-001,1.147941e-08
2.197625692351721e-001,3.065681e-08
2.202508504851721e-001,7.686111e-08
2.207391317351721e-001,1.798056e-07
2.212274129851721e-001,3.90079e-07
2.217156942351721e-001,7.817318e-07
2.222039754851721e-001,1.437673e-06
2.226922567351721e-001,2.412467e-06
2.231805379851721e-001,3.682376e-06
2.236688192351721e-001,5.099841e-06
2.241571004851721e-001,6.393854e-06
2.246453817351721e-001,7.245525e-06
2.251336629851721e-001,7.414924e-06
2.256219442351721e-001,6.851802e-06
2.261102254851721e-001,5.72003e-06
2.265985067351721e-001,4.319418e-06
2.270867879851721e-001,2.956176e-06
2.275750692351721e-001,1.838516e-06
2.280633504851721e-001,1.042032e-06
2.285516317351721e-001,5.399892e-07
2.290399129851721e-001,2.574659e-07
2.295281942351721e-001,1.137946e-07
2.300164754851721e-001,4.679883e-08
2.305047567351721e-001,1.802016e-08
2.309930379851721e-001,6.533293e-09
2.314813192351721e-001,2.23557e-09
2.319696004851721e-001,7.152881e-10
2.324578817351721e-001,2.039558e-10
2.329461629851721e-001,4.493525e-11
2.334344442351721e-001,1.873042e-11
2.339227254851721e-001,8.782036e-11
2.344110067351721e-001,3.502164e-10
2.348992879851721e-001,1.158811e-09
2.353875692351721e-001,3.513684e-09
2.358758504851721e-001,1.002517e-08
2.363641317351721e-001,2.698831e-08
2.368524129851721e-001,6.825923e-08
2.373406942351721e-001,1.612225e-07
2.378289754851721e-001,3.534185e-07
2.383172567351721e-001,7.161692e-07
2.388055379851721e-001,1.332626e-06
2.392938192351721e-001,2.263847e-06
2.397821004851721e-001,3.499891e-06
2.402703817351721e-001,4.911097e-06
2.407586629851721e-001,6.240125e-06
2.412469442351721e-001,7.167731e-06
2.417352254851721e-001,7.43587e-06
2.422235067351721e-001,6.96522e-06
2.427117879851721e-001,5.893652e-06
2.432000692351721e-001,4.510018e-06
2.436883504851721e-001,3.12694e-06
2.441766317351721e-001,1.969343e-06
2.446649129851721e-001,1.129742e-06
2.451531942351721e-001,5.921935e-07
2.456414754851721e-001,2.854262e-07
2.461297567351721e-001,1.274288e-07
2.466180379851721e-001,5.289287e-08
2.471063192351721e-001,2.053902e-08
2.475946004851721e-001,7.504629e-09
2.480828817351721e-001,2.588163e-09
2.485711629851721e-001,8.367672e-10
2.490594442351721e-001,2.436674e-10
2.495477254851721e-001,5.609205e-11
2.505242879851721e-001,7.126141e-11
2.510125692351721e-001,2.954558e-10
2.515008504851721e-001,9.940119e-10
2.519891317351721e-001,3.041935e-09
2.524774129851721e-001,8.746182e-09
2.529656942351721e-001,2.37325e-08
2.534539754851721e-001,6.054633e-08
2.539422567351721e-001,1.443684e-07
2.544305379851721e-001,3.197461e-07
2.549188192351721e-001,6.551072e-07
2.554071004851721e-001,1.233277e-06
2.558953817351721e-001,2.12084e-06
2.563836629851721e-001,3.320721e-06
2.568719442351721e-001,4.720994e-06
2.573602254851721e-001,6.07917e-06
2.578485067351721e-001,7.077937e-06
2.583367879851721e-001,7.443345e-06
2.588250692351721e-001,7.067722e-06
2.593133504851721e-001,6.061697e-06
2.598016317351721e-001,4.70077e-06
2.602899129851721e-001,3.30192e-06
2.607781942351721e-001,2.105998e-06
2.612664754851721e-001,1.222899e-06
2.617547567351721e-001,6.48473e-07
2.622430379851721e-001,3.159798e-07
2.627313192351721e-001,1.425118e-07
2.632196004851721e-001,5.970969e-08
2.637078817351721e-001,2.338472e-08
2.641961629851721e-001,8.611632e-09
2.646844442351721e-001,2.99305e-09
2.651727254851721e-001,9.771858e-10
2.656610067351721e-001,2.899489e-10
2.661492879851721e-001,6.963712e-11
2.671258504851721e-001,5.743844e-11
2.676141317351721e-001,2.483899e-10
2.681024129851721e-001,8.513087e-10
2.685906942351721e-001,2.630694e-09
2.690789754851721e-001,7.622591e-09
2.695672567351721e-001,2.084665e-08
2.700555379851721e-001,5.364043e-08
2.705438192351721e-001,1.291065e-07
2.710321004851721e-001,2.888724e-07
2.715203817351721e-001,5.98347e-07
2.720086629851721e-001,1.13952e-06
2.724969442351721e-001,1.98357e-06
2.729852254851721e-001,3.145317e-06
2.734735067351721e-001,4.530266e-06
2.739617879851721e-001,5.911765e-06
2.744500692351721e-001,6.976626e-06
2.749383504851721e-001,7.437304e-06
2.754266317351721e-001,7.158763e-06
2.759149129851721e-001,6.223373e-06
2.764031942351721e-001,4.890973e-06
2.768914754851721e-001,3.480711e-06
2.773797567351721e-001,2.248402e-06
2.778680379851721e-001,1.322372e-06
2.783563192351721e-001,7.105067e-07
2.788446004851721e-001,3.500478e-07
2.793328817351721e-001,1.591714e-07
2.798211629851721e-001,6.732426e-08
2.803094442351721e-001,2.659564e-08
2.807977254851721e-001,9.87187e-09
2.812860067351721e-001,3.457548e-09
2.817742879851721e-001,1.139357e-09
2.822625692351721e-001,3.438037e-10
2.827508504851721e-001,8.58803e-11
2.832391317351721e-001,1.848881e-11
2.837274129851721e-001,4.603526e-11
2.842156942351721e-001,2.079989e-10
2.847039754851721e-001,7.278443e-10
2.851922567351721e-001,2.272537e-09
2.856805379851721e-001,6.636601e-09
2.861688192351721e-001,1.829194e-08
2.866571004851721e-001,4.746586e-08
2.871453817351721e-001,1.153083e-07
2.876336629851721e-001,2.606138e-07
2.881219442351721e-001,5.456861e-07
2.886102254851721e-001,1.051225e-06
2.890985067351721e-001,1.852122e-06
2.895867879851721e-001,2.974087e-06
2.900750692351721e-001,4.339618e-06
2.905633504851721e-001,5.738696e-06
2.910516317351721e-001,6.864339e-06
2.915399129851721e-001,7.417783e-06
2.920281942351721e-001,7.237851e-06
2.925164754851721e-001,6.377905e-06
2.930047567351721e-001,5.079897e-06
2.934930379851721e-001,3.662866e-06
2.939813192351721e-001,2.396433e-06
2.944696004851721e-001,1.426877e-06
2.949578817351721e-001,7.757076e-07
2.954461629851721e-001,3.864257e-07
2.959344442351721e-001,1.775431e-07
2.964227254851721e-001,7.581775e-08
2.969110067351721e-001,3.021404e-08
2.973992879851721e-001,1.130495e-08
2.978875692351721e-001,3.989923e-09
2.983758504851721e-001,1.326492e-09
2.988641317351721e-001,4.06389e-10
2.993524129851721e-001,1.051912e-10
2.998406942351721e-001,2.141394e-11
3.003289754851721e-001,3.678974e-11
3.008172567351721e-001,1.733996e-10
3.013055379851721e-001,6.211175e-10
3.017938192351721e-001,1.960901e-09
3.022821004851721e-001,5.77229e-09
3.027703817351721e-001,1.603316e-08
3.032586629851721e-001,4.195285e-08
3.037469442351721e-001,1.028527e-07
3.042352254851721e-001,2.34793e-07
3.047235067351721e-001,4.969205e-07
3.052117879851721e-001,9.682498e-07
3.057000692351721e-001,1.726545e-06
3.061883504851721e-001,2.807393e-06
3.066766317351721e-001,4.149722e-06
3.071649129851721e-001,5.560761e-06
3.076531942351721e-001,6.741668e-06
3.081414754851721e-001,7.384889e-06
3.086297567351721e-001,7.304558e-06
3.091180379851721e-001,6.524534e-06
3.096063192351721e-001,5.266789e-06
3.100946004851721e-001,3.847895e-06
3.105828817351721e-001,2.549932e-06
3.110711629851721e-001,1.537164e-06
3.115594442351721e-001,8.455953e-07
3.120477254851721e-001,4.259696e-07
3.125360067351721e-001,1.977702e-07
3.130242879851721e-001,8.527788e-08
3.135125692351721e-001,3.428634e-08
3.140008504851721e-001,1.293273e-08
3.144891317351721e-001,4.599496e-09
3.149774129851721e-001,1.542248e-09
3.154656942351721e-001,4.790367e-10
3.159539754851721e-001,1.280066e-10
3.164422567351721e-001,2.592611e-11
3.169305379851721e-001,2.948844e-11
3.174188192351721e-001,1.438293e-10
3.179071004851721e-001,5.28941e-10
3.183953817351721e-001,1.689988e-09
3.188836629851721e-001,5.015443e-09
3.193719442351721e-001,1.403847e-08
3.198602254851721e-001,3.703728e-08
3.203485067351721e-001,9.162621e-08
3.208367879851721e-001,2.112396e-07
3.213250692351721e-001,4.510981e-07
3.218133504851721e-001,8.889366e-07
3.223016317351721e-001,1.606105e-06
3.227899129851721e-001,2.645551e-06
3.232781942351721e-001,3.961219e-06
3.237664754851721e-001,5.378754e-06
3.242547567351721e-001,6.609252e-06
3.247430379851721e-001,7.338806e-06
3.252313192351721e-001,7.358517e-06
3.257196004851721e-001,6.662528e-06
3.262078817351721e-001,5.450877e-06
3.266961629851721e-001,4.03526e-06
3.271844442351721e-001,2.708699e-06
3.276727254851721e-001,1.653294e-06
3.281610067351721e-001,9.203581e-07
3.286492879851721e-001,4.688777e-07
3.291375692351721e-001,2.20004e-07
3.296258504851721e-001,9.579911e-08
3.301141317351721e-001,3.886344e-08
3.306024129851721e-001,1.477952e-08
3.310906942351721e-001,5.296762e-09
3.315789754851721e-001,1.790784e-09
3.320672567351721e-001,5.632776e-10
3.325555379851721e-001,1.54839e-10
3.330438192351721e-001,3.213026e-11
3.335321004851721e-001,2.396216e-11
3.340203817351721e-001,1.186311e-10
3.345086629851721e-001,4.494048e-10
3.349969442351721e-001,1.454688e-09
3.354852254851721e-001,4.353383e-09
3.359735067351721e-001,1.227908e-08
3.364617879851721e-001,3.266032e-08
3.369500692351721e-001,8.152281e-08
3.374383504851721e-001,1.897903e-07
3.379266317351721e-001,4.095902e-07
3.384149129851721e-001,8.162618e-07
3.389031942351721e-001,1.49236e-06
3.393914754851721e-001,2.488832e-06
3.398797567351721e-001,3.774707e-06
3.403680379851721e-001,5.193469e-06
3.408563192351721e-001,6.467772e-06
3.413446004851721e-001,7.279787e-06
3.418328817351721e-001,7.399432e-06
3.423211629851721e-001,6.791184e-06
3.428094442351721e-001,5.631375e-06
3.432977254851721e-001,4.224386e-06
3.437860067351721e-001,2.872487e-06
3.442742879851721e-001,1.775304e-06
3.447625692351721e-001,1.000175e-06
3.452508504851721e-001,5.153516e-07
3.457391317351721e-001,2.444029e-07
3.462274129851721e-001,1.07483e-07
3.467156942351721e-001,4.400105e-08
3.472039754851721e-001,1.68723e-08
3.476922567351721e-001,6.093523e-09
3.481805379851721e-001,2.07683e-09
3.486688192351721e-001,6.608684e-10
3.491571004851721e-001,1.862873e-10
3.496453817351721e-001,4.017035e-11
3.501336629851721e-001,2.008247e-11
3.506219442351721e-001,9.724097e-11
3.511102254851721e-001,3.808429e-10
3.515985067351721e-001,1.250497e-09
3.520867879851721e-001,3.774828e-09
3.525750692351721e-001,1.072905e-08
3.530633504851721e-001,2.876814e-08
3.535516317351721e-001,7.244368e-08
3.540399129851721e-001,1.702891e-07
3.545281942351721e-001,3.713632e-07
3.550164754851721e-001,7.483757e-07
3.555047567351721e-001,1.384431e-06
3.559930379851721e-001,2.337465e-06
3.564813192351721e-001,3.590749e-06
3.569696004851721e-001,5.005685e-06
3.574578817351721e-001,6.317941e-06
3.579461629851721e-001,7.208156e-06
3.584344442351721e-001,7.427076e-06
3.589227254851721e-001,6.909839e-06
3.594110067351721e-001,5.807488e-06
3.598992879851721e-001,4.414656e-06
3.603875692351721e-001,3.041008e-06
3.608758504851721e-001,1.903197e-06
3.613641317351721e-001,1.085215e-06
3.618524129851721e-001,5.655947e-07
3.623406942351721e-001,2.71133e-07
3.628289754851721e-001,1.204383e-07
3.633172567351721e-001,4.975995e-08
3.638055379851721e-001,1.924099e-08
3.642938192351721e-001,7.003026e-09
3.647821004851721e-001,2.405753e-09
3.652703817351721e-001,7.738219e-10
3.657586629851721e-001,2.230476e-10
3.662469442351721e-001,5.023233e-11
3.672235067351721e-001,7.917685e-11
3.677117879851721e-001,3.218046e-10
3.682000692351721e-001,1.073456e-09
3.686883504851721e-001,3.269746e-09
3.691766317351721e-001,9.36506e-09
3.696649129851721e-001,2.531159e-08
3.701531942351721e-001,6.429693e-08
3.706414754851721e-001,1.525881e-07
3.711297567351721e-001,3.362208e-07
3.716180379851721e-001,6.85088e-07
3.721063192351721e-001,1.282246e-06
3.725946004851721e-001,2.191633e-06
3.730828817351721e-001,3.409862e-06
3.735711629851721e-001,4.816168e-06
3.740594442351721e-001,6.160503e-06
3.745477254851721e-001,7.124305e-06
3.750360067351721e-001,7.441296e-06
3.755242879851721e-001,7.017871e-06
3.760125692351721e-001,5.978422e-06
3.765008504851721e-001,4.605418e-06
3.769891317351721e-001,3.213927e-06
3.774774129851721e-001,2.036946e-06
3.779656942351721e-001,1.175631e-06
3.784539754851721e-001,6.198111e-07
3.789422567351721e-001,3.003675e-07
3.794305379851721e-001,1.347814e-07
3.799188192351721e-001,5.620639e-08
3.804071004851721e-001,2.191871e-08
3.808953817351721e-001,8.04012e-09
3.813836629851721e-001,2.783633e-09
3.818719442351721e-001,9.04442e-10
3.823602254851721e-001,2.659276e-10
3.828485067351721e-001,6.2548e-11
3.838250692351721e-001,6.402903e-11
3.843133504851721e-001,2.710282e-10
3.848016317351721e-001,9.200858e-10
3.852899129851721e-001,2.829236e-09
3.857781942351721e-001,8.16612e-09
3.862664754851721e-001,2.224585e-08
3.867547567351721e-001,5.699738e-08
3.872430379851721e-001,1.365466e-07
3.877313192351721e-001,3.03971e-07
3.882196004851721e-001,6.26202e-07
3.887078817351721e-001,1.185707e-06
3.891961629851721e-001,2.051482e-06
3.896844442351721e-001,3.232522e-06
3.901727254851721e-001,4.625664e-06
3.906610067351721e-001,5.996225e-06
3.911492879851721e-001,7.028689e-06
3.916375692351721e-001,7.442013e-06
3.921258504851721e-001,7.114707e-06
3.926141317351721e-001,6.143379e-06
3.931024129851721e-001,4.795985e-06
3.935906942351721e-001,3.390866e-06
3.940789754851721e-001,2.176488e-06
3.945672567351721e-001,1.271562e-06
3.950555379851721e-001,6.782045e-07
3.955438192351721e-001,3.322861e-07
3.960321004851721e-001,1.506363e-07
3.965203817351721e-001,6.341233e-08
3.970086629851721e-001,2.494198e-08
3.974969442351721e-001,9.221422e-09
3.979852254851721e-001,3.217354e-09
3.984735067351721e-001,1.055362e-09
3.989617879851721e-001,3.158611e-10
3.994500692351721e-001,7.739982e-11
4.004266317351721e-001,5.145196e-11
4.009149129851721e-001,2.274183e-10
4.014031942351721e-001,7.873358e-10
4.018914754851721e-001,2.445409e-09
4.023797567351721e-001,7.113433e-09
4.028680379851721e-001,1.953019e-08
4.033563192351721e-001,5.046623e-08
4.038446004851721e-001,1.220322e-07
4.043328817351721e-001,2.744274e-07
4.048211629851721e-001,5.715168e-07
4.053094442351721e-001,1.094698e-06
4.057977254851721e-001,1.917115e-06
4.062860067351721e-001,3.059157e-06
4.067742879851721e-001,4.434889e-06
4.072625692351721e-001,5.825889e-06
4.077508504851721e-001,6.921819e-06
4.082391317351721e-001,7.429224e-06
4.087274129851721e-001,7.19983e-06
4.092156942351721e-001,6.30158e-06
4.097039754851721e-001,4.985641e-06
4.101922567351721e-001,3.571398e-06
4.106805379851721e-001,2.321723e-06
4.111688192351721e-001,1.373907e-06
4.116571004851721e-001,7.425334e-07
4.121453817351721e-001,3.678533e-07
4.126336629851721e-001,1.681344e-07
4.131219442351721e-001,7.145582e-08
4.136102254851721e-001,2.835111e-08
4.140985067351721e-001,1.05655e-08
4.145867879851721e-001,3.714695e-09
4.150750692351721e-001,1.229587e-09
4.155633504851721e-001,3.739261e-10
4.160516317351721e-001,9.512666e-11
4.165399129851721e-001,1.975809e-11
4.170281942351721e-001,4.115722e-11
4.175164754851721e-001,1.900256e-10
4.180047567351721e-001,6.725323e-10
4.184930379851721e-001,2.111283e-09
4.189813192351721e-001,6.190162e-09
4.194696004851721e-001,1.712763e-08
4.199578817351721e-001,4.46308e-08
4.204461629851721e-001,1.089199e-07
4.209344442351721e-001,2.474095e-07
4.214227254851721e-001,5.208291e-07
4.219110067351721e-001,1.009082e-06
4.223992879851721e-001,1.788598e-06
4.228875692351721e-001,2.890152e-06
4.233758504851721e-001,4.244535e-06
4.238641317351721e-001,5.650287e-06
4.243524129851721e-001,6.804262e-06
4.248406942351721e-001,7.402998e-06
4.253289754851721e-001,7.272777e-06
4.258172567351721e-001,6.452254e-06
4.263055379851721e-001,5.173645e-06
4.267938192351721e-001,3.755054e-06
4.272821004851721e-001,2.47251e-06
4.277703817351721e-001,1.481293e-06
4.282586629851721e-001,8.100537e-07
4.287469442351721e-001,4.057896e-07
4.292352254851721e-001,1.874155e-07
4.297235067351721e-001,8.042124e-08
4.302117879851721e-001,3.219038e-08
4.307000692351721e-001,1.209305e-08
4.311883504851721e-001,4.284433e-09
4.316766317351721e-001,1.430545e-09
4.321649129851721e-001,4.413643e-10
4.326531942351721e-001,1.161307e-10
4.331414754851721e-001,2.346597e-11
4.336297567351721e-001,3.290763e-11
4.341180379851721e-001,1.580292e-10
4.346063192351721e-001,5.733359e-10
4.350946004851721e-001,1.820689e-09
4.355828817351721e-001,5.38126e-09
4.360711629851721e-001,1.500467e-08
4.365594442351721e-001,3.942418e-08
4.370477254851721e-001,9.709261e-08
4.375360067351721e-001,2.227433e-07
4.380242879851721e-001,4.739346e-07
4.385125692351721e-001,9.287069e-07
4.390008504851721e-001,1.665964e-06
4.394891317351721e-001,2.725847e-06
4.399774129851721e-001,4.055258e-06
4.404656942351721e-001,5.470217e-06
4.409539754851721e-001,6.676637e-06
4.414422567351721e-001,7.363482e-06
4.419305379851721e-001,7.333151e-06
4.424188192351721e-001,6.594655e-06
4.429071004851721e-001,5.359233e-06
4.433953817351721e-001,3.94132e-06
4.438836629851721e-001,2.628671e-06
4.443719442351721e-001,1.594496e-06
4.448602254851721e-001,8.823559e-07
4.453485067351721e-001,4.469906e-07
4.458367879851721e-001,2.086265e-07
4.463250692351721e-001,9.039967e-08
4.468133504851721e-001,3.650843e-08
4.473016317351721e-001,1.382713e-08
4.477899129851721e-001,4.936462e-09
4.482781942351721e-001,1.662137e-09
4.487664754851721e-001,5.196039e-10
4.492547567351721e-001,1.408854e-10
4.497430379851721e-001,2.880863e-11
4.502313192351721e-001,2.651237e-11
4.507196004851721e-001,1.30721e-10
4.512078817351721e-001,4.877023e-10
4.516961629851721e-001,1.568181e-09
4.521844442351721e-001,4.673301e-09
4.526727254851721e-001,1.313104e-08
4.531610067351721e-001,3.478495e-08
4.536492879851721e-001,8.644047e-08
4.541375692351721e-001,2.002618e-07
4.546258504851721e-001,4.299216e-07
4.551141317351721e-001,8.51989e-07
4.556024129851721e-001,1.548502e-06
4.560906942351721e-001,2.566536e-06
4.565789754851721e-001,3.867678e-06
4.570672567351721e-001,5.286473e-06
4.575555379851721e-001,6.539601e-06
4.580438192351721e-001,7.310894e-06
4.585321004851721e-001,7.38062e-06
4.590203817351721e-001,6.728065e-06
4.595086629851721e-001,5.541624e-06
4.599969442351721e-001,4.12964e-06
4.604852254851721e-001,2.789982e-06
4.609735067351721e-001,1.713563e-06
4.614617879851721e-001,9.596241e-07
4.619500692351721e-001,4.916563e-07
4.624383504851721e-001,2.319225e-07
4.629266317351721e-001,1.014891e-07
4.634149129851721e-001,4.135851e-08
4.639031942351721e-001,1.579336e-08
4.643914754851721e-001,5.681914e-09
4.648797567351721e-001,1.928799e-09
4.653680379851721e-001,6.102849e-10
4.658563192351721e-001,1.699451e-10
4.663446004851721e-001,3.591022e-11
4.668328817351721e-001,2.182301e-11
4.673211629851721e-001,1.07492e-10
4.678094442351721e-001,4.138475e-10
4.682977254851721e-001,1.348963e-09
4.687860067351721e-001,4.054323e-09
4.692742879851721e-001,1.147941e-08
4.697625692351721e-001,3.065681e-08
4.702508504851721e-001,7.686111e-08
4.707391317351721e-001,1.798056e-07
4.712274129851721e-001,3.90079e-07
4.717156942351721e-001,7.817318e-07
4.722039754851721e-001,1.437673e-06
4.726922567351721e-001,2.412467e-06
4.731805379851721e-001,3.682376e-06
4.736688192351721e-001,5.099841e-06
4.741571004851721e-001,6.393854e-06
4.746453817351721e-001,7.245525e-06
4.751336629851721e-001,7.414924e-06
4.756219442351721e-001,6.851802e-06
4.761102254851721e-001,5.72003e-06
4.765985067351721e-001,4.319418e-06
4.770867879851721e-001,2.956176e-06
4.775750692351721e-001,1.838516e-06
4.780633504851721e-001,1.042032e-06
4.785516317351721e-001,5.399892e-07
4.790399129851721e-001,2.574659e-07
4.795281942351721e-001,1.137946e-07
4.800164754851721e-001,4.679883e-08
4.805047567351721e-001,1.802016e-08
4.809930379851721e-001,6.533293e-09
4.814813192351721e-001,2.23557e-09
4.819696004851721e-001,7.152881e-10
4.824578817351721e-001,2.039558e-10
4.829461629851721e-001,4.493525e-11
4.834344442351721e-001,1.873042e-11
4.839227254851721e-001,8.782036e-11
4.844110067351721e-001,3.502164e-10
4.848992879851721e-001,1.158811e-09
4.853875692351721e-001,3.513684e-09
4.858758504851721e-001,1.002517e-08
4.863641317351721e-001,2.698831e-08
4.868524129851721e-001,6.825923e-08
4.873406942351721e-001,1.612225e-07
4.878289754851721e-001,3.534185e-07
4.883172567351721e-001,7.161692e-07
4.888055379851721e-001,1.332626e-06
4.892938192351721e-001,2.263847e-06
4.897821004851721e-001,3.499891e-06
4.902703817351721e-001,4.911097e-06
4.907586629851721e-001,6.240125e-06
4.912469442351721e-001,7.167731e-06
4.917352254851721e-001,7.43587e-06
4.922235067351721e-001,6.96522e-06
4.927117879851721e-001,5.893652e-06
4.932000692351721e-001,4.510018e-06
4.936883504851721e-001,3.12694e-06
4.941766317351721e-001,1.969343e-06
4.946649129851721e-001,1.129742e-06
4.951531942351721e-001,5.921935e-07
4.956414754851721e-001,2.854262e-07
4.961297567351721e-001,1.274288e-07
4.966180379851721e-001,5.289287e-08
4.971063192351721e-001,2.053902e-08
4.975946004851721e-001,7.504629e-09
4.980828817351721e-001,2.588163e-09
4.985711629851721e-001,8.367672e-10
4.990594442351721e-001,2.436674e-10
4.995477254851721e-001,5.445265e-11
5.000000000000000e-001,-1.560371e-15
