0.000000000000000e+000,0.0
5.242879851721227e-004,1.863958e-11
1.012569235172123e-003,7.331549e-11
1.500850485172123e-003,1.841731e-10
1.989131735172123e-003,4.029271e-10
2.477412985172123e-003,8.146089e-10
2.965694235172123e-003,1.557101e-09
3.453975485172123e-003,2.835947e-09
3.942256735172123e-003,4.927862e-09
4.430537985172123e-003,8.157747e-09
4.918819235172123e-003,1.283337e-08
5.407100485172123e-003,1.913162e-08
5.895381735172123e-003,2.695412e-08
6.383662985172123e-003,3.580161e-08
6.871944235172123e-003,4.473927e-08
7.360225485172123e-003,5.251384e-08
7.848506735172123e-003,5.782882e-08
8.336787985172123e-003,5.970234e-08
8.825069235172123e-003,5.77714e-08
9.313350485172123e-003,5.24101e-08
9.801631735172123e-003,4.460779e-08
1.028991298517212e-002,3.566293e-08
1.077819423517212e-002,2.682548e-08
1.126647548517212e-002,1.902395e-08
1.175475673517212e-002,1.27508e-08
1.224303798517212e-002,8.099125e-09
1.273131923517212e-002,4.888999e-09
1.321960048517212e-002,2.811719e-09
1.370788173517212e-002,1.542803e-09
1.419616298517212e-002,8.065745e-10
1.468444423517212e-002,3.986061e-10
1.517272548517212e-002,1.819464e-10
1.566100673517212e-002,7.223425e-11
1.614928798517212e-002,2.160977e-11
1.712585048517212e-002,1.820645e-11
1.761413173517212e-002,6.376673e-11
1.810241298517212e-002,1.645217e-10
1.859069423517212e-002,3.649335e-10
1.907897548517212e-002,7.442505e-10
1.956725673517212e-002,1.432348e-09
2.005553798517212e-002,2.625163e-09
2.054381923517212e-002,4.590495e-09
2.103210048517212e-002,7.649538e-09
2.152038173517212e-002,1.21179e-08
2.200866298517212e-002,1.819798e-08
2.249694423517212e-002,2.583644e-08
2.298522548517212e-002,3.459222e-08
2.347350673517212e-002,4.358551e-08
2.396178798517212e-002,5.159266e-08
2.445006923517212e-002,5.730283e-08
2.493835048517212e-002,5.967192e-08
2.542663173517212e-002,5.824251e-08
2.591491298517212e-002,5.32923e-08
2.640319423517212e-002,4.574345e-08
2.689147548517212e-002,3.687427e-08
2.737975673517212e-002,2.795992e-08
2.786803798517212e-002,1.998212e-08
2.835631923517212e-002,1.349214e-08
2.884460048517212e-002,8.630227e-09
2.933288173517212e-002,5.24427e-09
2.982116298517212e-002,3.035219e-09
3.030944423517212e-002,1.675896e-09
3.079772548517212e-002,8.82049e-10
3.128600673517212e-002,4.395687e-10
3.177428798517212e-002,2.032507e-10
3.226256923517212e-002,8.269244e-11
3.275085048517212e-002,2.599462e-11
3.372741298517212e-002,1.49341e-11
3.421569423517212e-002,5.516733e-11
3.470397548517212e-002,1.465924e-10
3.519225673517212e-002,3.300468e-10
3.568053798517212e-002,6.792837e-10
3.616881923517212e-002,1.316458e-09
3.665710048517212e-002,2.428026e-09
3.714538173517212e-002,4.272569e-09
3.763366298517212e-002,7.166539e-09
3.812194423517212e-002,1.143147e-08
3.861022548517212e-002,1.729263e-08
3.909850673517212e-002,2.473929e-08
3.958678798517212e-002,3.338759e-08
4.007506923517212e-002,4.241437e-08
4.056335048517212e-002,5.063025e-08
4.105163173517212e-002,5.671655e-08
4.153991298517212e-002,5.957285e-08
4.202819423517212e-002,5.865003e-08
4.251647548517212e-002,5.412777e-08
4.300475673517212e-002,4.685566e-08
4.349303798517212e-002,3.808526e-08
4.398131923517212e-002,2.911167e-08
4.446960048517212e-002,2.096735e-08
4.495788173517212e-002,1.426285e-08
4.544616298517212e-002,9.187777e-09
4.593444423517212e-002,5.620496e-09
4.642272548517212e-002,3.273753e-09
4.691100673517212e-002,1.818934e-09
4.739928798517212e-002,9.636674e-10
4.788756923517212e-002,4.841164e-10
4.837585048517212e-002,2.265576e-10
4.886413173517212e-002,9.425006e-11
4.935241298517212e-002,3.101867e-11
4.984069423517212e-002,7.509797e-12
5.032897548517212e-002,1.220755e-11
5.081725673517212e-002,4.744766e-11
5.130553798517212e-002,1.302522e-10
5.179381923517212e-002,2.980372e-10
5.228210048517212e-002,6.193409e-10
5.277038173517212e-002,1.208893e-09
5.325866298517212e-002,2.243828e-09
5.374694423517212e-002,3.973282e-09
5.423522548517212e-002,6.708046e-09
5.472350673517212e-002,1.077375e-08
5.521178798517212e-002,1.641602e-08
5.570006923517212e-002,2.366417e-08
5.618835048517212e-002,3.219025e-08
5.667663173517212e-002,4.122903e-08
5.716491298517212e-002,4.962966e-08
5.765319423517212e-002,5.607202e-08
5.814147548517212e-002,5.940548e-08
5.862975673517212e-002,5.899255e-08
5.911803798517212e-002,5.491374e-08
5.960631923517212e-002,4.794117e-08
6.009460048517212e-002,3.929306e-08
6.058288173517212e-002,3.027881e-08
6.107116298517212e-002,2.197881e-08
6.155944423517212e-002,1.506299e-08
6.204772548517212e-002,9.772367e-09
6.253600673517212e-002,6.018469e-09
6.302428798517212e-002,3.528082e-09
6.351256923517212e-002,1.972525e-09
6.400085048517212e-002,1.05186e-09
6.448913173517212e-002,5.325272e-10
6.497741298517212e-002,2.520328e-10
6.546569423517212e-002,1.069976e-10
6.595397548517212e-002,3.672392e-11
6.644225673517212e-002,8.91153e-12
6.693053798517212e-002,1.000354e-11
6.741881923517212e-002,4.05449e-11
6.790710048517212e-002,1.153783e-10
6.839538173517212e-002,2.686899e-10
6.888366298517212e-002,5.64075e-10
6.937194423517212e-002,1.109138e-09
6.986022548517212e-002,2.07188e-09
7.034850673517212e-002,3.691836e-09
7.083678798517212e-002,6.273321e-09
7.132506923517212e-002,1.014438e-08
7.181335048517212e-002,1.556849e-08
7.230163173517212e-002,2.261244e-08
7.278991298517212e-002,3.100262e-08
7.327819423517212e-002,4.003261e-08
7.376647548517212e-002,4.859402e-08
7.425475673517212e-002,5.537144e-08
7.474303798517212e-002,5.917043e-08
7.523131923517212e-002,5.926886e-08
7.571960048517212e-002,5.564761e-08
7.620788173517212e-002,4.899677e-08
7.669616298517212e-002,4.049471e-08
7.718444423517212e-002,3.145928e-08
7.767272548517212e-002,2.301552e-08
7.816100673517212e-002,1.589251e-08
7.864928798517212e-002,1.038454e-08
7.913756923517212e-002,6.438976e-09
7.962585048517212e-002,3.798979e-09
8.011413173517212e-002,2.1373e-09
8.060241298517212e-002,1.147082e-09
8.109069423517212e-002,5.850974e-10
8.157897548517212e-002,2.798546e-10
8.206725673517212e-002,1.210339e-10
8.255553798517212e-002,4.315774e-11
8.304381923517212e-002,1.080752e-11
8.353210048517212e-002,8.303193e-12
8.402038173517212e-002,3.440239e-11
8.450866298517212e-002,1.018577e-10
8.499694423517212e-002,2.418048e-10
8.548522548517212e-002,5.131591e-10
8.597350673517212e-002,1.0167e-09
8.646178798517212e-002,1.911515e-09
8.695006923517212e-002,3.427439e-09
8.743835048517212e-002,5.861605e-09
8.792663173517212e-002,9.542895e-09
8.841491298517212e-002,1.475026e-08
8.890319423517212e-002,2.158529e-08
8.939147548517212e-002,2.982699e-08
8.987975673517212e-002,3.882819e-08
9.036803798517212e-002,4.752648e-08
9.085631923517212e-002,5.461721e-08
9.134460048517212e-002,5.886851e-08
9.183288173517212e-002,5.947795e-08
9.232116298517212e-002,5.632688e-08
9.280944423517212e-002,5.001927e-08
9.329772548517212e-002,4.168719e-08
9.378600673517212e-002,3.265088e-08
9.427428798517212e-002,2.407638e-08
9.476256923517212e-002,1.675126e-08
9.525085048517212e-002,1.102479e-08
9.573913173517212e-002,6.882787e-09
9.622741298517212e-002,4.087229e-09
9.671569423517212e-002,2.313913e-09
9.720397548517212e-002,1.249809e-09
9.769225673517212e-002,6.42142e-10
9.818053798517212e-002,3.102147e-10
9.866881923517212e-002,1.364664e-10
9.915710048517212e-002,5.037318e-11
9.964538173517212e-002,1.321403e-11
1.006219442351721e-001,2.896933e-11
1.011102254851721e-001,8.958648e-11
1.015985067351721e-001,2.171955e-10
1.020867879851721e-001,4.662856e-10
1.025750692351721e-001,9.311127e-10
1.030633504851721e-001,1.762088e-09
1.035516317351721e-001,3.179312e-09
1.040399129851721e-001,5.472125e-09
1.045281942351721e-001,8.968797e-09
1.050164754851721e-001,1.396145e-08
1.055047567351721e-001,2.058379e-08
1.059930379851721e-001,2.86655e-08
1.064813192351721e-001,3.761877e-08
1.069696004851721e-001,4.643028e-08
1.074578817351721e-001,5.381185e-08
1.079461629851721e-001,5.850081e-08
1.084344442351721e-001,5.961908e-08
1.089227254851721e-001,5.694923e-08
1.094110067351721e-001,5.10055e-08
1.098992879851721e-001,4.28674e-08
1.103875692351721e-001,3.385127e-08
1.108758504851721e-001,2.516011e-08
1.113641317351721e-001,1.763896e-08
1.118524129851721e-001,1.169352e-08
1.123406942351721e-001,7.350651e-09
1.128289754851721e-001,4.393626e-09
1.133172567351721e-001,2.503039e-09
1.138055379851721e-001,1.360541e-09
1.142938192351721e-001,7.039954e-10
1.147821004851721e-001,3.433187e-10
1.152703817351721e-001,1.534119e-10
1.157586629851721e-001,5.842924e-11
1.162469442351721e-001,1.615163e-11
1.172235067351721e-001,2.420046e-11
1.177117879851721e-001,7.846897e-11
1.182000692351721e-001,1.946887e-10
1.186883504851721e-001,4.231653e-10
1.191766317351721e-001,8.519307e-10
1.196649129851721e-001,1.622976e-09
1.201531942351721e-001,2.946685e-09
1.206414754851721e-001,5.104088e-09
1.211297567351721e-001,8.421519e-09
1.216180379851721e-001,1.320206e-08
1.221063192351721e-001,1.960887e-08
1.225946004851721e-001,2.752015e-08
1.230828817351721e-001,3.640726e-08
1.235711629851721e-001,4.530862e-08
1.240594442351721e-001,5.295804e-08
1.245477254851721e-001,5.806862e-08
1.250360067351721e-001,5.969176e-08
1.255242879851721e-001,5.751252e-08
1.260125692351721e-001,5.195237e-08
1.265008504851721e-001,4.403218e-08
1.269891317351721e-001,3.505799e-08
1.274774129851721e-001,2.626531e-08
1.279656942351721e-001,1.855525e-08
1.284539754851721e-001,1.239111e-08
1.289422567351721e-001,7.843294e-09
1.294305379851721e-001,4.718971e-09
1.299188192351721e-001,2.705375e-09
1.304071004851721e-001,1.479803e-09
1.308953817351721e-001,7.710128e-10
1.313836629851721e-001,3.793871e-10
1.318719442351721e-001,1.719968e-10
1.323602254851721e-001,6.739127e-11
1.328485067351721e-001,1.964531e-11
1.338250692351721e-001,2.005581e-11
1.343133504851721e-001,6.841774e-11
1.348016317351721e-001,1.741234e-10
1.352899129851721e-001,3.83527e-10
1.357781942351721e-001,7.787319e-10
1.362664754851721e-001,1.493582e-09
1.367547567351721e-001,2.728804e-09
1.372430379851721e-001,4.756698e-09
1.377313192351721e-001,7.900448e-09
1.382196004851721e-001,1.247199e-08
1.387078817351721e-001,1.86613e-08
1.391961629851721e-001,2.639281e-08
1.396844442351721e-001,3.519649e-08
1.401727254851721e-001,4.416476e-08
1.406610067351721e-001,5.205859e-08
1.411492879851721e-001,5.757348e-08
1.416375692351721e-001,5.969572e-08
1.421258504851721e-001,5.80148e-08
1.426141317351721e-001,5.285687e-08
1.431024129851721e-001,4.517835e-08
1.435906942351721e-001,3.626847e-08
1.440789754851721e-001,2.739042e-08
1.445672567351721e-001,1.949961e-08
1.450555379851721e-001,1.311781e-08
1.455438192351721e-001,8.361409e-09
1.460321004851721e-001,5.064065e-09
1.465203817351721e-001,2.921636e-09
1.470086629851721e-001,1.608144e-09
1.474969442351721e-001,8.435698e-10
1.479852254851721e-001,4.186559e-10
1.484735067351721e-001,1.923581e-10
1.489617879851721e-001,7.733127e-11
1.494500692351721e-001,2.372472e-11
1.504266317351721e-001,1.650042e-11
1.509149129851721e-001,5.935288e-11
1.514031942351721e-001,1.553504e-10
1.518914754851721e-001,3.471165e-10
1.523797567351721e-001,7.111166e-10
1.528680379851721e-001,1.373329e-09
1.533563192351721e-001,2.524933e-09
1.538446004851721e-001,4.429152e-09
1.543328817351721e-001,7.404931e-09
1.548211629851721e-001,1.177107e-08
1.553094442351721e-001,1.774174e-08
1.557977254851721e-001,2.52852e-08
1.562860067351721e-001,3.398915e-08
1.567742879851721e-001,4.300191e-08
1.572625692351721e-001,5.111642e-08
1.577508504851721e-001,5.70171e-08
1.582391317351721e-001,5.963095e-08
1.587274129851721e-001,5.845431e-08
1.592156942351721e-001,5.371605e-08
1.597039754851721e-001,4.630269e-08
1.601922567351721e-001,3.747999e-08
1.606805379851721e-001,2.853375e-08
1.611688192351721e-001,2.04714e-08
1.616571004851721e-001,1.387382e-08
1.621453817351721e-001,8.905658e-09
1.626336629851721e-001,5.429714e-09
1.631219442351721e-001,3.15256e-09
1.636102254851721e-001,1.746134e-09
1.640985067351721e-001,9.220638e-10
1.645867879851721e-001,4.613774e-10
1.650750692351721e-001,2.146437e-10
1.655633504851721e-001,8.832835e-11
1.660516317351721e-001,2.842425e-11
1.670281942351721e-001,1.350416e-11
1.675164754851721e-001,5.12016e-11
1.680047567351721e-001,1.382316e-10
1.684930379851721e-001,3.136961e-10
1.689813192351721e-001,6.487064e-10
1.694696004851721e-001,1.261668e-09
1.699578817351721e-001,2.334353e-09
1.704461629851721e-001,4.120645e-09
1.709344442351721e-001,6.934275e-09
1.714227254851721e-001,1.109904e-08
1.719110067351721e-001,1.685071e-08
1.723992879851721e-001,2.419889e-08
1.728875692351721e-001,3.278785e-08
1.733758504851721e-001,4.182328e-08
1.738641317351721e-001,5.013453e-08
1.743524129851721e-001,5.640143e-08
1.748406942351721e-001,5.949767e-08
1.753289754851721e-001,5.88295e-08
1.758172567351721e-001,5.452711e-08
1.763055379851721e-001,4.740195e-08
1.767938192351721e-001,3.868974e-08
1.772821004851721e-001,2.969344e-08
1.777703817351721e-001,2.146986e-08
1.782586629851721e-001,1.465925e-08
1.787469442351721e-001,9.476657e-09
1.792352254851721e-001,5.816714e-09
1.797235067351721e-001,3.398895e-09
1.802117879851721e-001,1.894372e-09
1.807000692351721e-001,1.006914e-09
1.811883504851721e-001,5.078208e-10
1.816766317351721e-001,2.390133e-10
1.821649129851721e-001,1.004691e-10
1.826531942351721e-001,3.378332e-11
1.831414754851721e-001,8.149731e-12
1.836297567351721e-001,1.104151e-11
1.841180379851721e-001,4.389785e-11
1.846063192351721e-001,1.226392e-10
1.850946004851721e-001,2.830436e-10
1.855828817351721e-001,5.911442e-10
1.860711629851721e-001,1.158071e-09
1.865594442351721e-001,2.156365e-09
1.870477254851721e-001,3.830379e-09
1.875360067351721e-001,6.487759e-09
1.880242879851721e-001,1.045555e-08
1.885125692351721e-001,1.598861e-08
1.890008504851721e-001,2.313531e-08
1.894891317351721e-001,3.159508e-08
1.899774129851721e-001,4.063201e-08
1.904656942351721e-001,4.911603e-08
1.909539754851721e-001,5.57286e-08
1.914422567351721e-001,5.929637e-08
1.919305379851721e-001,5.913905e-08
1.924188192351721e-001,5.528735e-08
1.929071004851721e-001,4.847291e-08
1.933953817351721e-001,3.989484e-08
1.938836629851721e-001,3.086751e-08
1.943719442351721e-001,2.249407e-08
1.948602254851721e-001,1.547409e-08
1.953485067351721e-001,1.007497e-08
1.958367879851721e-001,6.225858e-09
1.963250692351721e-001,3.661411e-09
1.968133504851721e-001,2.053474e-09
1.973016317351721e-001,1.098563e-09
1.977899129851721e-001,5.582731e-10
1.982781942351721e-001,2.656387e-10
1.987664754851721e-001,1.138482e-10
1.992547567351721e-001,3.984658e-11
1.997430379851721e-001,9.796829e-12
2.002313192351721e-001,9.091419e-12
2.007196004851721e-001,3.738192e-11
2.012078817351721e-001,1.084556e-10
2.016961629851721e-001,2.549515e-10
2.021844442351721e-001,5.38093e-10
2.026727254851721e-001,1.062034e-09
2.031610067351721e-001,1.99029e-09
2.036492879851721e-001,3.557556e-09
2.041375692351721e-001,6.064635e-09
2.046258504851721e-001,9.84018e-09
2.051141317351721e-001,1.515571e-08
2.056024129851721e-001,2.209572e-08
2.060906942351721e-001,3.041317e-08
2.065789754851721e-001,3.943121e-08
2.070672567351721e-001,4.806403e-08
2.075555379851721e-001,5.500088e-08
2.080438192351721e-001,5.902776e-08
2.085321004851721e-001,5.938185e-08
2.090203817351721e-001,5.599421e-08
2.095086629851721e-001,4.951236e-08
2.099969442351721e-001,4.109229e-08
2.104852254851721e-001,3.205383e-08
2.109735067351721e-001,2.354301e-08
2.114617879851721e-001,1.631824e-08
2.119500692351721e-001,1.070113e-08
2.124383504851721e-001,6.657921e-09
2.129266317351721e-001,3.940886e-09
2.134149129851721e-001,2.224085e-09
2.139031942351721e-001,1.197476e-09
2.143914754851721e-001,6.130399e-10
2.148797567351721e-001,2.947048e-10
2.153680379851721e-001,1.285686e-10
2.158563192351721e-001,4.666421e-11
2.163446004851721e-001,1.194578e-11
2.168328817351721e-001,7.637169e-12
2.173211629851721e-001,3.160013e-11
2.178094442351721e-001,9.557211e-11
2.182977254851721e-001,2.292268e-10
2.187860067351721e-001,4.892355e-10
2.192742879851721e-001,9.730785e-10
2.197625692351721e-001,1.835474e-09
2.202508504851721e-001,3.30139e-09
2.207391317351721e-001,5.664135e-09
2.212274129851721e-001,9.252457e-09
2.217156942351721e-001,1.435218e-08
2.222039754851721e-001,2.108128e-08
2.226922567351721e-001,2.924435e-08
2.231805379851721e-001,3.822392e-08
2.236688192351721e-001,4.698176e-08
2.241571004851721e-001,5.422076e-08
2.246453817351721e-001,5.869281e-08
2.251336629851721e-001,5.955705e-08
2.256219442351721e-001,5.66453e-08
2.261102254851721e-001,5.051712e-08
2.265985067351721e-001,4.227902e-08
2.270867879851721e-001,3.325012e-08
2.275750692351721e-001,2.461547e-08
2.280633504851721e-001,1.719151e-08
2.285516317351721e-001,1.135557e-08
2.290399129851721e-001,7.113667e-09
2.295281942351721e-001,4.238109e-09
2.300164754851721e-001,2.406869e-09
2.305047567351721e-001,1.304142e-09
2.309930379851721e-001,6.724459e-10
2.314813192351721e-001,3.264103e-10
2.319696004851721e-001,1.447424e-10
2.324578817351721e-001,5.42922e-11
2.329461629851721e-001,1.461499e-11
2.339227254851721e-001,2.650449e-11
2.344110067351721e-001,8.388915e-11
2.348992879851721e-001,2.056896e-10
2.353875692351721e-001,4.442736e-10
2.358758504851721e-001,8.90748e-10
2.363641317351721e-001,1.69128e-09
2.368524129851721e-001,3.061108e-09
2.373406942351721e-001,5.285476e-09
2.378289754851721e-001,8.691843e-09
2.383172567351721e-001,1.357808e-08
2.388055379851721e-001,2.009296e-08
2.392938192351721e-001,2.809069e-08
2.397821004851721e-001,3.70131e-08
2.402703817351721e-001,4.587243e-08
2.407586629851721e-001,5.339082e-08
2.412469442351721e-001,5.829268e-08
2.417352254851721e-001,5.9664e-08
2.422235067351721e-001,5.723838e-08
2.427117879851721e-001,5.148405e-08
2.432000692351721e-001,4.345192e-08
2.436883504851721e-001,3.4454e-08
2.441766317351721e-001,2.571012e-08
2.446649129851721e-001,1.809356e-08
2.451531942351721e-001,1.203869e-08
2.456414754851721e-001,7.59383e-09
2.461297567351721e-001,4.55388e-09
2.466180379851721e-001,2.602511e-09
2.471063192351721e-001,1.419072e-09
2.475946004851721e-001,7.368356e-10
2.480828817351721e-001,3.609679e-10
2.485711629851721e-001,1.624911e-10
2.490594442351721e-001,6.279267e-11
2.495477254851721e-001,1.782722e-11
2.505242879851721e-001,2.205241e-11
2.510125692351721e-001,7.331524e-11
2.515008504851721e-001,1.841729e-10
2.519891317351721e-001,4.029271e-10
2.524774129851721e-001,8.146089e-10
2.529656942351721e-001,1.557101e-09
2.534539754851721e-001,2.835947e-09
2.539422567351721e-001,4.927862e-09
2.544305379851721e-001,8.157747e-09
2.549188192351721e-001,1.283337e-08
2.554071004851721e-001,1.913162e-08
2.558953817351721e-001,2.695412e-08
2.563836629851721e-001,3.580161e-08
2.568719442351721e-001,4.473927e-08
2.573602254851721e-001,5.251384e-08
2.578485067351721e-001,5.782882e-08
2.583367879851721e-001,5.970234e-08
2.588250692351721e-001,5.77714e-08
2.593133504851721e-001,5.24101e-08
2.598016317351721e-001,4.460779e-08
2.602899129851721e-001,3.566293e-08
2.607781942351721e-001,2.682548e-08
2.612664754851721e-001,1.902395e-08
2.617547567351721e-001,1.27508e-08
2.622430379851721e-001,8.099125e-09
2.627313192351721e-001,4.888999e-09
2.632196004851721e-001,2.811719e-09
2.637078817351721e-001,1.542803e-09
2.641961629851721e-001,8.065745e-10
2.646844442351721e-001,3.986061e-10
2.651727254851721e-001,1.819464e-10
2.656610067351721e-001,7.223425e-11
2.661492879851721e-001,2.160977e-11
2.671258504851721e-001,1.820645e-11
2.676141317351721e-001,6.376673e-11
2.681024129851721e-001,1.645217e-10
2.685906942351721e-001,3.649335e-10
2.690789754851721e-001,7.442505e-10
2.695672567351721e-001,1.432348e-09
2.700555379851721e-001,2.625163e-09
2.705438192351721e-001,4.590495e-09
2.710321004851721e-001,7.649538e-09
2.715203817351721e-001,1.21179e-08
2.720086629851721e-001,1.819798e-08
2.724969442351721e-001,2.583644e-08
2.729852254851721e-001,3.459222e-08
2.734735067351721e-001,4.358551e-08
2.739617879851721e-001,5.159266e-08
2.744500692351721e-001,5.730283e-08
2.749383504851721e-001,5.967192e-08
2.754266317351721e-001,5.824251e-08
2.759149129851721e-001,5.32923e-08
2.764031942351721e-001,4.574345e-08
2.768914754851721e-001,3.687427e-08
2.773797567351721e-001,2.795992e-08
2.778680379851721e-001,1.998212e-08
2.783563192351721e-001,1.349214e-08
2.788446004851721e-001,8.630227e-09
2.793328817351721e-001,5.24427e-09
2.798211629851721e-001,3.035219e-09
2.803094442351721e-001,1.675896e-09
2.807977254851721e-001,8.82049e-10
2.812860067351721e-001,4.395687e-10
2.817742879851721e-001,2.032507e-10
2.822625692351721e-001,8.269244e-11
2.827508504851721e-001,2.599462e-11
2.837274129851721e-001,1.49341e-11
2.842156942351721e-001,5.516733e-11
2.847039754851721e-001,1.465924e-10
2.851922567351721e-001,3.300468e-10
2.856805379851721e-001,6.792837e-10
2.861688192351721e-001,1.316458e-09
2.866571004851721e-001,2.428026e-09
2.871453817351721e-001,4.272569e-09
2.876336629851721e-001,7.166539e-09
2.881219442351721e-001,1.143147e-08
2.886102254851721e-001,1.729263e-08
2.890985067351721e-001,2.473929e-08
2.895867879851721e-001,3.338759e-08
2.900750692351721e-001,4.241437e-08
2.905633504851721e-001,5.063025e-08
2.910516317351721e-001,5.671655e-08
2.915399129851721e-001,5.957285e-08
2.920281942351721e-001,5.865003e-08
2.925164754851721e-001,5.412777e-08
2.930047567351721e-001,4.685566e-08
2.934930379851721e-001,3.808526e-08
2.939813192351721e-001,2.911167e-08
2.944696004851721e-001,2.096735e-08
2.949578817351721e-001,1.426285e-08
2.954461629851721e-001,9.187777e-09
2.959344442351721e-001,5.620496e-09
2.964227254851721e-001,3.273753e-09
2.969110067351721e-001,1.818934e-09
2.973992879851721e-001,9.636674e-10
2.978875692351721e-001,4.841164e-10
2.983758504851721e-001,2.265576e-10
2.988641317351721e-001,9.425006e-11
2.993524129851721e-001,3.101867e-11
2.998406942351721e-001,7.509797e-12
3.003289754851721e-001,1.220755e-11
3.008172567351721e-001,4.744766e-11
3.013055379851721e-001,1.302522e-10
3.017938192351721e-001,2.980372e-10
3.022821004851721e-001,6.193409e-10
3.027703817351721e-001,1.208893e-09
3.032586629851721e-001,2.243828e-09
3.037469442351721e-001,3.973282e-09
3.042352254851721e-001,6.708046e-09
3.047235067351721e-001,1.077375e-08
3.052117879851721e-001,1.641602e-08
3.057000692351721e-001,2.366417e-08
3.061883504851721e-001,3.219025e-08
3.066766317351721e-001,4.122903e-08
3.071649129851721e-001,4.962966e-08
3.076531942351721e-001,5.607202e-08
3.081414754851721e-001,5.940548e-08
3.086297567351721e-001,5.899255e-08
3.091180379851721e-001,5.491374e-08
3.096063192351721e-001,4.794117e-08
3.100946004851721e-001,3.929306e-08
3.105828817351721e-001,3.027881e-08
3.110711629851721e-001,2.197881e-08
3.115594442351721e-001,1.506299e-08
3.120477254851721e-001,9.772367e-09
3.125360067351721e-001,6.018469e-09
3.130242879851721e-001,3.528082e-09
3.135125692351721e-001,1.972525e-09
3.140008504851721e-001,1.05186e-09
3.144891317351721e-001,5.325272e-10
3.149774129851721e-001,2.520328e-10
3.154656942351721e-001,1.069976e-10
3.159539754851721e-001,3.672392e-11
3.164422567351721e-001,8.91153e-12
3.169305379851721e-001,1.000354e-11
3.174188192351721e-001,4.05449e-11
3.179071004851721e-001,1.153783e-10
3.183953817351721e-001,2.686899e-10
3.188836629851721e-001,5.64075e-10
3.193719442351721e-001,1.109138e-09
3.198602254851721e-001,2.07188e-09
3.203485067351721e-001,3.691836e-09
3.208367879851721e-001,6.273321e-09
3.213250692351721e-001,1.014438e-08
3.218133504851721e-001,1.556849e-08
3.223016317351721e-001,2.261244e-08
3.227899129851721e-001,3.100262e-08
3.232781942351721e-001,4.003261e-08
3.237664754851721e-001,4.859402e-08
3.242547567351721e-001,5.537144e-08
3.247430379851721e-001,5.917043e-08
3.252313192351721e-001,5.926886e-08
3.257196004851721e-001,5.564761e-08
3.262078817351721e-001,4.899677e-08
3.266961629851721e-001,4.049471e-08
3.271844442351721e-001,3.145928e-08
3.276727254851721e-001,2.301552e-08
3.281610067351721e-001,1.589251e-08
3.286492879851721e-001,1.038454e-08
3.291375692351721e-001,6.438976e-09
3.296258504851721e-001,3.798979e-09
3.301141317351721e-001,2.1373e-09
3.306024129851721e-001,1.147082e-09
3.310906942351721e-001,5.850974e-10
3.315789754851721e-001,2.798546e-10
3.320672567351721e-001,1.210339e-10
3.325555379851721e-001,4.315774e-11
3.330438192351721e-001,1.080752e-11
3.335321004851721e-001,8.303193e-12
3.340203817351721e-001,3.440239e-11
3.345086629851721e-001,1.018577e-10
3.349969442351721e-001,2.418048e-10
3.354852254851721e-001,5.131591e-10
3.359735067351721e-001,1.0167e-09
3.364617879851721e-001,1.911515e-09
3.369500692351721e-001,3.427439e-09
3.374383504851721e-001,5.861605e-09
3.379266317351721e-001,9.542895e-09
3.384149129851721e-001,1.475026e-08
3.389031942351721e-001,2.158529e-08
3.393914754851721e-001,2.982699e-08
3.398797567351721e-001,3.882819e-08
3.403680379851721e-001,4.752648e-08
3.408563192351721e-001,5.461721e-08
3.413446004851721e-001,5.886851e-08
3.418328817351721e-001,5.947795e-08
3.423211629851721e-001,5.632688e-08
3.428094442351721e-001,5.001927e-08
3.432977254851721e-001,4.168719e-08
3.437860067351721e-001,3.265088e-08
3.442742879851721e-001,2.407638e-08
3.447625692351721e-001,1.675126e-08
3.452508504851721e-001,1.102479e-08
3.457391317351721e-001,6.882787e-09
3.462274129851721e-001,4.087229e-09
3.467156942351721e-001,2.313913e-09
3.472039754851721e-001,1.249809e-09
3.476922567351721e-001,6.42142e-10
3.481805379851721e-001,3.102147e-10
3.486688192351721e-001,1.364664e-10
3.491571004851721e-001,5.037318e-11
3.496453817351721e-001,1.321403e-11
3.506219442351721e-001,2.896933e-11
3.511102254851721e-001,8.958648e-11
3.515985067351721e-001,2.171955e-10
3.520867879851721e-001,4.662856e-10
3.525750692351721e-001,9.311127e-10
3.530633504851721e-001,1.762088e-09
3.535516317351721e-001,3.179312e-09
3.540399129851721e-001,5.472125e-09
3.545281942351721e-001,8.968797e-09
3.550164754851721e-001,1.396145e-08
3.555047567351721e-001,2.058379e-08
3.559930379851721e-001,2.86655e-08
3.564813192351721e-001,3.761877e-08
3.569696004851721e-001,4.643028e-08
3.574578817351721e-001,5.381185e-08
3.579461629851721e-001,5.850081e-08
3.584344442351721e-001,5.961908e-08
3.589227254851721e-001,5.694923e-08
3.594110067351721e-001,5.10055e-08
3.598992879851721e-001,4.28674e-08
3.603875692351721e-001,3.385127e-08
3.608758504851721e-001,2.516011e-08
3.613641317351721e-001,1.763896e-08
3.618524129851721e-001,1.169352e-08
3.623406942351721e-001,7.350651e-09
3.628289754851721e-001,4.393626e-09
3.633172567351721e-001,2.503039e-09
3.638055379851721e-001,1.360541e-09
3.642938192351721e-001,7.039954e-10
3.647821004851721e-001,3.433187e-10
3.652703817351721e-001,1.534119e-10
3.657586629851721e-001,5.842924e-11
3.662469442351721e-001,1.615163e-11
3.672235067351721e-001,2.420046e-11
3.677117879851721e-001,7.846897e-11
3.682000692351721e-001,1.946887e-10
3.686883504851721e-001,4.231653e-10
3.691766317351721e-001,8.519307e-10
3.696649129851721e-001,1.622976e-09
3.701531942351721e-001,2.946685e-09
3.706414754851721e-001,5.104088e-09
3.711297567351721e-001,8.421519e-09
3.716180379851721e-001,1.320206e-08
3.721063192351721e-001,1.960887e-08
3.725946004851721e-001,2.752015e-08
3.730828817351721e-001,3.640726e-08
3.735711629851721e-001,4.530862e-08
3.740594442351721e-001,5.295804e-08
3.745477254851721e-001,5.806862e-08
3.750360067351721e-001,5.969176e-08
3.755242879851721e-001,5.751252e-08
3.760125692351721e-001,5.195237e-08
3.765008504851721e-001,4.403218e-08
3.769891317351721e-001,3.505799e-08
3.774774129851721e-001,2.626531e-08
3.779656942351721e-001,1.855525e-08
3.784539754851721e-001,1.239111e-08
3.789422567351721e-001,7.843294e-09
3.794305379851721e-001,4.718971e-09
3.799188192351721e-001,2.705375e-09
3.804071004851721e-001,1.479803e-09
3.808953817351721e-001,7.710128e-10
3.813836629851721e-001,3.793871e-10
3.818719442351721e-001,1.719968e-10
3.823602254851721e-001,6.739127e-11
3.828485067351721e-001,1.964531e-11
3.838250692351721e-001,2.005581e-11
3.843133504851721e-001,6.841774e-11
3.848016317351721e-001,1.741234e-10
3.852899129851721e-001,3.83527e-10
3.857781942351721e-001,7.787319e-10
3.862664754851721e-001,1.493582e-09
3.867547567351721e-001,2.728804e-09
3.872430379851721e-001,4.756698e-09
3.877313192351721e-001,7.900448e-09
3.882196004851721e-001,1.247199e-08
3.887078817351721e-001,1.86613e-08
3.891961629851721e-001,2.639281e-08
3.896844442351721e-001,3.519649e-08
3.901727254851721e-001,4.416476e-08
3.906610067351721e-001,5.205859e-08
3.911492879851721e-001,5.757348e-08
3.916375692351721e-001,5.969572e-08
3.921258504851721e-001,5.80148e-08
3.926141317351721e-001,5.285687e-08
3.931024129851721e-001,4.517835e-08
3.935906942351721e-001,3.626847e-08
3.940789754851721e-001,2.739042e-08
3.945672567351721e-001,1.949961e-08
3.950555379851721e-001,1.311781e-08
3.955438192351721e-001,8.361409e-09
3.960321004851721e-001,5.064065e-09
3.965203817351721e-001,2.921636e-09
3.970086629851721e-001,1.608144e-09
3.974969442351721e-001,8.435698e-10
3.979852254851721e-001,4.186559e-10
3.984735067351721e-001,1.923581e-10
3.989617879851721e-001,7.733127e-11
3.994500692351721e-001,2.372472e-11
4.004266317351721e-001,1.650042e-11
4.009149129851721e-001,5.935288e-11
4.014031942351721e-001,1.553504e-10
4.018914754851721e-001,3.471165e-10
4.023797567351721e-001,7.111166e-10
4.028680379851721e-001,1.373329e-09
4.033563192351721e-001,2.524933e-09
4.038446004851721e-001,4.429152e-09
4.043328817351721e-001,7.404931e-09
4.048211629851721e-001,1.177107e-08
4.053094442351721e-001,1.774174e-08
4.057977254851721e-001,2.52852e-08
4.062860067351721e-001,3.398915e-08
4.067742879851721e-001,4.300191e-08
4.072625692351721e-001,5.111642e-08
4.077508504851721e-001,5.70171e-08
4.082391317351721e-001,5.963095e-08
4.087274129851721e-001,5.845431e-08
4.092156942351721e-001,5.371605e-08
4.097039754851721e-001,4.630269e-08
4.101922567351721e-001,3.747999e-08
4.106805379851721e-001,2.853375e-08
4.111688192351721e-001,2.04714e-08
4.116571004851721e-001,1.387382e-08
4.121453817351721e-001,8.905658e-09
4.126336629851721e-001,5.429714e-09
4.131219442351721e-001,3.15256e-09
4.136102254851721e-001,1.746134e-09
4.140985067351721e-001,9.220638e-10
4.145867879851721e-001,4.613774e-10
4.150750692351721e-001,2.146437e-10
4.155633504851721e-001,8.832835e-11
4.160516317351721e-001,2.842425e-11
4.170281942351721e-001,1.350416e-11
4.175164754851721e-001,5.12016e-11
4.180047567351721e-001,1.382316e-10
4.184930379851721e-001,3.136961e-10
4.189813192351721e-001,6.487064e-10
4.194696004851721e-001,1.261668e-09
4.199578817351721e-001,2.334353e-09
4.204461629851721e-001,4.120645e-09
4.209344442351721e-001,6.934275e-09
4.214227254851721e-001,1.109904e-08
4.219110067351721e-001,1.685071e-08
4.223992879851721e-001,2.419889e-08
4.228875692351721e-001,3.278785e-08
4.233758504851721e-001,4.182328e-08
4.238641317351721e-001,5.013453e-08
4.243524129851721e-001,5.640143e-08
4.248406942351721e-001,5.949767e-08
4.253289754851721e-001,5.88295e-08
4.258172567351721e-001,5.452711e-08
4.263055379851721e-001,4.740195e-08
4.267938192351721e-001,3.868974e-08
4.272821004851721e-001,2.969344e-08
4.277703817351721e-001,2.146986e-08
4.282586629851721e-001,1.465925e-08
4.287469442351721e-001,9.476657e-09
4.292352254851721e-001,5.816714e-09
4.297235067351721e-001,3.398895e-09
4.302117879851721e-001,1.894372e-09
4.307000692351721e-001,1.006914e-09
4.311883504851721e-001,5.078208e-10
4.316766317351721e-001,2.390133e-10
4.321649129851721e-001,1.004691e-10
4.326531942351721e-001,3.378332e-11
4.331414754851721e-001,8.149731e-12
4.336297567351721e-001,1.104151e-11
4.341180379851721e-001,4.389785e-11
4.346063192351721e-001,1.226392e-10
4.350946004851721e-001,2.830436e-10
4.355828817351721e-001,5.911442e-10
4.360711629851721e-001,1.158071e-09
4.365594442351721e-001,2.156365e-09
4.370477254851721e-001,3.830379e-09
4.375360067351721e-001,6.487759e-09
4.380242879851721e-001,1.045555e-08
4.385125692351721e-001,1.598861e-08
4.390008504851721e-001,2.313531e-08
4.394891317351721e-001,3.159508e-08
4.399774129851721e-001,4.063201e-08
4.404656942351721e-001,4.911603e-08
4.409539754851721e-001,5.57286e-08
4.414422567351721e-001,5.929637e-08
4.419305379851721e-001,5.913905e-08
4.424188192351721e-001,5.528735e-08
4.429071004851721e-001,4.847291e-08
4.433953817351721e-001,3.989484e-08
4.438836629851721e-001,3.086751e-08
4.443719442351721e-001,2.249407e-08
4.448602254851721e-001,1.547409e-08
4.453485067351721e-001,1.007497e-08
4.458367879851721e-001,6.225858e-09
4.463250692351721e-001,3.661411e-09
4.468133504851721e-001,2.053474e-09
4.473016317351721e-001,1.098563e-09
4.477899129851721e-001,5.582731e-10
4.482781942351721e-001,2.656387e-10
4.487664754851721e-001,1.138482e-10
4.492547567351721e-001,3.984658e-11
4.497430379851721e-001,9.796829e-12
4.502313192351721e-001,9.091419e-12
4.507196004851721e-001,3.738192e-11
4.512078817351721e-001,1.084556e-10
4.516961629851721e-001,2.549515e-10
4.521844442351721e-001,5.38093e-10
4.526727254851721e-001,1.062034e-09
4.531610067351721e-001,1.99029e-09
4.536492879851721e-001,3.557556e-09
4.541375692351721e-001,6.064635e-09
4.546258504851721e-001,9.84018e-09
4.551141317351721e-001,1.515571e-08
4.556024129851721e-001,2.209572e-08
4.560906942351721e-001,3.041317e-08
4.565789754851721e-001,3.943121e-08
4.570672567351721e-001,4.806403e-08
4.575555379851721e-001,5.500088e-08
4.580438192351721e-001,5.902776e-08
4.585321004851721e-001,5.938185e-08
4.590203817351721e-001,5.599421e-08
4.595086629851721e-001,4.951236e-08
4.599969442351721e-001,4.109229e-08
4.604852254851721e-001,3.205383e-08
4.609735067351721e-001,2.354301e-08
4.614617879851721e-001,1.631824e-08
4.619500692351721e-001,1.070113e-08
4.624383504851721e-001,6.657921e-09
4.629266317351721e-001,3.940886e-09
4.634149129851721e-001,2.224085e-09
4.639031942351721e-001,1.197476e-09
4.643914754851721e-001,6.130399e-10
4.648797567351721e-001,2.947048e-10
4.653680379851721e-001,1.285686e-10
4.658563192351721e-001,4.666421e-11
4.663446004851721e-001,1.194578e-11
4.668328817351721e-001,7.637169e-12
4.673211629851721e-001,3.160013e-11
4.678094442351721e-001,9.557211e-11
4.682977254851721e-001,2.292268e-10
4.687860067351721e-001,4.892355e-10
4.692742879851721e-001,9.730785e-10
4.697625692351721e-001,1.835474e-09
4.702508504851721e-001,3.30139e-09
4.707391317351721e-001,5.664135e-09
4.712274129851721e-001,9.252457e-09
4.717156942351721e-001,1.435218e-08
4.722039754851721e-001,2.108128e-08
4.726922567351721e-001,2.924435e-08
4.731805379851721e-001,3.822392e-08
4.736688192351721e-001,4.698176e-08
4.741571004851721e-001,5.422076e-08
4.746453817351721e-001,5.869281e-08
4.751336629851721e-001,5.955705e-08
4.756219442351721e-001,5.66453e-08
4.761102254851721e-001,5.051712e-08
4.765985067351721e-001,4.227902e-08
4.770867879851721e-001,3.325012e-08
4.775750692351721e-001,2.461547e-08
4.780633504851721e-001,1.719151e-08
4.785516317351721e-001,1.135557e-08
4.790399129851721e-001,7.113667e-09
4.795281942351721e-001,4.238109e-09
4.800164754851721e-001,2.406869e-09
4.805047567351721e-001,1.304142e-09
4.809930379851721e-001,6.724459e-10
4.814813192351721e-001,3.264103e-10
4.819696004851721e-001,1.447424e-10
4.824578817351721e-001,5.42922e-11
4.829461629851721e-001,1.461499e-11
4.839227254851721e-001,2.650449e-11
4.844110067351721e-001,8.388915e-11
4.848992879851721e-001,2.056896e-10
4.853875692351721e-001,4.442736e-10
4.858758504851721e-001,8.90748e-10
4.863641317351721e-001,1.69128e-09
4.868524129851721e-001,3.061108e-09
4.873406942351721e-001,5.285476e-09
4.878289754851721e-001,8.691843e-09
4.883172567351721e-001,1.357808e-08
4.888055379851721e-001,2.009296e-08
4.892938192351721e-001,2.809069e-08
4.897821004851721e-001,3.70131e-08
4.902703817351721e-001,4.587243e-08
4.907586629851721e-001,5.339082e-08
4.912469442351721e-001,5.829268e-08
4.917352254851721e-001,5.9664e-08
4.922235067351721e-001,5.723838e-08
4.927117879851721e-001,5.148405e-08
4.932000692351721e-001,4.345192e-08
4.936883504851721e-001,3.4454e-08
4.941766317351721e-001,2.571012e-08
4.946649129851721e-001,1.809356e-08
4.951531942351721e-001,1.203869e-08
4.956414754851721e-001,7.59383e-09
4.961297567351721e-001,4.55388e-09
4.966180379851721e-001,2.602511e-09
4.971063192351721e-001,1.419072e-09
4.975946004851721e-001,7.368356e-10
4.980828817351721e-001,3.609679e-10
4.985711629851721e-001,1.624911e-10
4.990594442351721e-001,6.279267e-11
4.995477254851721e-001,1.732856e-11
5.000000000000000e-001,-6.021476e-16
